CSV File for the City 6 on Day 184
1 - Minute m 
2 - Power Consumed at minute m 
3 - Power Produced at minute m 
4 - Energy Consumed since the beginning of the day 
5 - Energy Produced since the beginning of the day 
6 - Energy Lost since the beginning of the day on lines starting from the city
 
0 ; 7687.901280982952 ; 1.04140573454096E8 ; 0.0 ; 0.0 ; 0.0
1 ; 7745.901378840771 ; 1.042948944417503E8 ; 7687.901280982952 ; 1.04140573454096E8 ; 264.85
2 ; 7689.695739400638 ; 1.0475785740471326E8 ; 15433.802659823723 ; 2.084354678958463E8 ; 529.7
3 ; 7800.518564029191 ; 1.0552946234298487E8 ; 23123.49839922436 ; 3.131933253005596E8 ; 794.5500000000001
4 ; 7766.614958075387 ; 1.0660970925656511E8 ; 30924.016963253554 ; 4.1872278764354444E8 ; 1059.4
5 ; 7664.557417903269 ; 1.07998598145454E8 ; 38690.63192132894 ; 5.253324969001095E8 ; 1324.25
6 ; 7921.799753522821 ; 1.0969612900965153E8 ; 46355.18933923221 ; 6.333310950455636E8 ; 1589.1
7 ; 7795.42188550999 ; 1.117023018491577E8 ; 54276.98909275503 ; 7.430272240552151E8 ; 1853.9499999999998
8 ; 7968.252131530539 ; 1.1401711666397251E8 ; 62072.41097826502 ; 8.547295259043728E8 ; 2118.7999999999997
9 ; 7924.31664792946 ; 1.1664057345409597E8 ; 70040.66310979555 ; 9.687466425683453E8 ; 2383.6499999999996
10 ; 7979.123815583648 ; 1.195726722195281E8 ; 77964.97975772501 ; 1.0853872160224414E9 ; 2648.4999999999995
11 ; 8014.915413719818 ; 1.2281341296026884E8 ; 85944.10357330866 ; 1.2049598882419696E9 ; 2913.3499999999995
12 ; 8288.536137647856 ; 1.2636279567631821E8 ; 93959.01898702848 ; 1.3277733012022383E9 ; 3178.1999999999994
13 ; 8189.361930450783 ; 1.3022082036767621E8 ; 102247.55512467634 ; 1.4541360968785565E9 ; 3443.0499999999993
14 ; 8579.370714649 ; 1.343874870343429E8 ; 110436.91705512712 ; 1.5843569172462327E9 ; 3707.899999999999
15 ; 8713.878189156372 ; 1.388627956763182E8 ; 119016.28776977613 ; 1.7187444042805758E9 ; 3972.749999999999
16 ; 8694.279967268303 ; 1.4364674629360217E8 ; 127730.1659589325 ; 1.857607199956894E9 ; 4237.599999999999
17 ; 8605.329380807834 ; 1.4873933888619477E8 ; 136424.4459262008 ; 2.0012539462504961E9 ; 4502.45
18 ; 8822.734177852877 ; 1.54140573454096E8 ; 145029.77530700865 ; 2.149993285136691E9 ; 4767.3
19 ; 8508.817280984033 ; 1.5985044999730587E8 ; 153852.5094848615 ; 2.304133858590787E9 ; 5032.150000000001
20 ; 8621.705290322652 ; 1.6586896851582438E8 ; 162361.32676584553 ; 2.463984308588093E9 ; 5297.000000000001
21 ; 8636.037650742868 ; 1.7219612900965154E8 ; 170983.0320561682 ; 2.629853277103917E9 ; 5561.850000000001
22 ; 8934.95073894584 ; 1.7883193147878733E8 ; 179619.06970691105 ; 2.802049406113569E9 ; 5826.700000000002
23 ; 8866.249974326833 ; 1.857763759232318E8 ; 188554.02044585688 ; 2.980881337592356E9 ; 6091.550000000002
24 ; 9288.184382186137 ; 1.9302946234298488E8 ; 197420.27042018372 ; 3.166657713515588E9 ; 6356.400000000002
25 ; 9296.47870541231 ; 1.9927923163623008E8 ; 206708.45480236984 ; 3.3596871758585725E9 ; 6621.250000000003
26 ; 9303.199974175046 ; 1.9927923163623008E8 ; 216004.93350778215 ; 3.5589664074948025E9 ; 6886.100000000003
27 ; 9172.322511769074 ; 1.9927923163623008E8 ; 225308.1334819572 ; 3.7582456391310325E9 ; 7150.9500000000035
28 ; 9196.15917613037 ; 1.9927923163623008E8 ; 234480.45599372627 ; 3.9575248707672625E9 ; 7415.800000000004
29 ; 9378.633294784528 ; 1.9927923163623008E8 ; 243676.61516985664 ; 4.1568041024034925E9 ; 7680.650000000004
30 ; 9224.825599272433 ; 1.9927923163623008E8 ; 253055.24846464116 ; 4.356083334039722E9 ; 7945.500000000005
31 ; 9571.2597123297 ; 1.9927923163623008E8 ; 262280.0740639136 ; 4.555362565675953E9 ; 8210.350000000004
32 ; 9173.04882823772 ; 1.9927923163623008E8 ; 271851.3337762433 ; 4.754641797312183E9 ; 8475.200000000004
33 ; 9373.778450527438 ; 1.9927923163623008E8 ; 281024.38260448107 ; 4.953921028948414E9 ; 8740.050000000005
34 ; 9195.645952573806 ; 1.9927923163623008E8 ; 290398.16105500853 ; 5.153200260584644E9 ; 9004.900000000005
35 ; 9272.57937857357 ; 1.9927923163623008E8 ; 299593.80700758233 ; 5.352479492220875E9 ; 9269.750000000005
36 ; 9426.308303250713 ; 1.9927923163623008E8 ; 308866.3863861559 ; 5.551758723857105E9 ; 9534.600000000006
37 ; 9241.417402923176 ; 1.9927923163623008E8 ; 318292.6946894066 ; 5.751037955493336E9 ; 9799.450000000006
38 ; 9280.952809568453 ; 1.9927923163623008E8 ; 327534.1120923298 ; 5.950317187129566E9 ; 10064.300000000007
39 ; 9497.628142029973 ; 1.9927923163623008E8 ; 336815.0649018982 ; 6.149596418765797E9 ; 10329.150000000007
40 ; 9523.871017525136 ; 1.9927923163623008E8 ; 346312.6930439282 ; 6.348875650402027E9 ; 10594.000000000007
41 ; 9325.437191902764 ; 1.9927923163623008E8 ; 355836.56406145333 ; 6.548154882038258E9 ; 10858.850000000008
42 ; 9377.008905084376 ; 1.9927923163623008E8 ; 365162.0012533561 ; 6.747434113674488E9 ; 11123.700000000008
43 ; 9513.075980196936 ; 1.9927923163623008E8 ; 374539.0101584405 ; 6.946713345310719E9 ; 11388.550000000008
44 ; 9430.297806004837 ; 1.9927923163623008E8 ; 384052.08613863745 ; 7.145992576946949E9 ; 11653.400000000009
45 ; 9176.934610531742 ; 1.9927923163623008E8 ; 393482.38394464226 ; 7.345271808583179E9 ; 11918.25000000001
46 ; 9469.258520341009 ; 1.9927923163623008E8 ; 402659.318555174 ; 7.54455104021941E9 ; 12183.10000000001
47 ; 9431.314049773091 ; 1.9927923163623008E8 ; 412128.577075515 ; 7.74383027185564E9 ; 12447.95000000001
48 ; 9309.826731964757 ; 1.9927923163623008E8 ; 421559.8911252881 ; 7.943109503491871E9 ; 12712.80000000001
49 ; 9401.731260287823 ; 1.9927923163623008E8 ; 430869.71785725286 ; 8.142388735128101E9 ; 12977.65000000001
50 ; 9381.934138116883 ; 1.9927923163623008E8 ; 440271.4491175407 ; 8.341667966764332E9 ; 13242.500000000011
51 ; 9420.215038972085 ; 1.9927923163623008E8 ; 449653.38325565757 ; 8.540947198400562E9 ; 13507.350000000011
52 ; 9607.613870383891 ; 1.9927923163623008E8 ; 459073.59829462966 ; 8.740226430036793E9 ; 13772.200000000012
53 ; 9469.055119036586 ; 1.9927923163623008E8 ; 468681.21216501354 ; 8.939505661673023E9 ; 14037.050000000012
54 ; 9548.044999144415 ; 1.9927923163623008E8 ; 478150.2672840501 ; 9.138784893309254E9 ; 14301.900000000012
55 ; 9407.519333416622 ; 1.9927923163623008E8 ; 487698.3122831945 ; 9.338064124945484E9 ; 14566.750000000013
56 ; 9457.52345362188 ; 1.9927923163623008E8 ; 497105.8316166111 ; 9.537343356581715E9 ; 14831.600000000013
57 ; 9476.002759568359 ; 1.9927923163623008E8 ; 506563.355070233 ; 9.736622588217945E9 ; 15096.450000000013
58 ; 9327.932605850976 ; 1.9927923163623008E8 ; 516039.35782980133 ; 9.935901819854176E9 ; 15361.300000000014
59 ; 9315.133777789628 ; 1.9927923163623008E8 ; 525367.2904356522 ; 1.0135181051490406E10 ; 15626.150000000014
60 ; 9262.887797325251 ; 1.9927923163623008E8 ; 534682.4242134419 ; 1.0334460283126637E10 ; 15891.000000000015
61 ; 9363.214193609887 ; 1.9927923163623008E8 ; 543945.3120107672 ; 1.0533739514762867E10 ; 16155.850000000015
62 ; 9512.385514780975 ; 1.9927923163623008E8 ; 553308.5262043771 ; 1.0733018746399097E10 ; 16420.700000000015
63 ; 9442.579881811993 ; 1.9927923163623008E8 ; 562820.9117191581 ; 1.0932297978035328E10 ; 16685.550000000014
64 ; 9533.02554739832 ; 1.9927923163623008E8 ; 572263.49160097 ; 1.1131577209671558E10 ; 16950.400000000012
65 ; 9416.715721166112 ; 1.9927923163623008E8 ; 581796.5171483684 ; 1.1330856441307789E10 ; 17215.25000000001
66 ; 9594.435278375175 ; 1.9927923163623008E8 ; 591213.2328695345 ; 1.153013567294402E10 ; 17480.10000000001
67 ; 9880.774961582792 ; 1.9927923163623008E8 ; 600807.6681479097 ; 1.172941490458025E10 ; 17744.950000000008
68 ; 10108.818155059293 ; 1.9927923163623008E8 ; 610688.4431094925 ; 1.192869413621648E10 ; 18009.800000000007
69 ; 10189.13692696055 ; 1.9927923163623008E8 ; 620797.2612645518 ; 1.212797336785271E10 ; 18274.650000000005
70 ; 9913.16495926063 ; 1.9927923163623008E8 ; 630986.3981915123 ; 1.2327252599488941E10 ; 18539.500000000004
71 ; 9962.609189174922 ; 1.9927923163623008E8 ; 640899.5631507729 ; 1.2526531831125172E10 ; 18804.350000000002
72 ; 10009.390629875961 ; 1.9927923163623008E8 ; 650862.1723399479 ; 1.2725811062761402E10 ; 19069.2
73 ; 10147.031628485469 ; 1.9927923163623008E8 ; 660871.5629698238 ; 1.2925090294397633E10 ; 19334.05
74 ; 10253.981451627966 ; 1.9927923163623008E8 ; 671018.5945983093 ; 1.3124369526033863E10 ; 19598.899999999998
75 ; 10192.380460750945 ; 1.9927923163623008E8 ; 681272.5760499372 ; 1.3323648757670094E10 ; 19863.749999999996
76 ; 10144.292561685646 ; 1.9927923163623008E8 ; 691464.9565106881 ; 1.3522927989306324E10 ; 20128.599999999995
77 ; 10184.128790967752 ; 1.9927923163623008E8 ; 701609.2490723737 ; 1.3722207220942554E10 ; 20393.449999999993
78 ; 9995.15820827114 ; 1.9927923163623008E8 ; 711793.3778633415 ; 1.3921486452578785E10 ; 20658.299999999992
79 ; 10027.987731558289 ; 1.9927923163623008E8 ; 721788.5360716126 ; 1.4120765684215015E10 ; 20923.14999999999
80 ; 10251.935102318927 ; 1.9927923163623008E8 ; 731816.5238031709 ; 1.4320044915851246E10 ; 21187.99999999999
81 ; 9971.677493319447 ; 1.9927923163623008E8 ; 742068.4589054898 ; 1.4519324147487476E10 ; 21452.849999999988
82 ; 9807.143003510675 ; 1.9927923163623008E8 ; 752040.1363988093 ; 1.4718603379123707E10 ; 21717.699999999986
83 ; 10134.104438464998 ; 1.9927923163623008E8 ; 761847.2794023199 ; 1.4917882610759937E10 ; 21982.549999999985
84 ; 10089.880081759879 ; 1.9927923163623008E8 ; 771981.3838407849 ; 1.5117161842396168E10 ; 22247.399999999983
85 ; 10144.97321981283 ; 1.9927923163623008E8 ; 782071.2639225448 ; 1.5316441074032398E10 ; 22512.24999999998
86 ; 9979.65304413423 ; 1.9927923163623008E8 ; 792216.2371423576 ; 1.5515720305668629E10 ; 22777.09999999998
87 ; 10118.05426244723 ; 1.9927923163623008E8 ; 802195.8901864919 ; 1.571499953730486E10 ; 23041.94999999998
88 ; 9901.272360443494 ; 1.9927923163623008E8 ; 812313.9444489391 ; 1.591427876894109E10 ; 23306.799999999977
89 ; 10074.063718917914 ; 1.9927923163623008E8 ; 822215.2168093825 ; 1.611355800057732E10 ; 23571.649999999976
90 ; 9973.863017828811 ; 1.9927923163623008E8 ; 832289.2805283004 ; 1.631283723221355E10 ; 23836.499999999975
91 ; 10203.753747410747 ; 1.9927923163623008E8 ; 842263.1435461292 ; 1.6512116463849781E10 ; 24101.349999999973
92 ; 10108.358108975302 ; 1.9927923163623008E8 ; 852466.89729354 ; 1.6711395695486012E10 ; 24366.19999999997
93 ; 10119.082328013837 ; 1.9927923163623008E8 ; 862575.2554025153 ; 1.6910674927122242E10 ; 24631.04999999997
94 ; 9942.152685913108 ; 1.9927923163623008E8 ; 872694.3377305291 ; 1.7109954158758472E10 ; 24895.89999999997
95 ; 10235.701697423432 ; 1.9927923163623008E8 ; 882636.4904164423 ; 1.7309233390394703E10 ; 25160.749999999967
96 ; 10175.26488810904 ; 1.9927923163623008E8 ; 892872.1921138657 ; 1.7508512622030933E10 ; 25425.599999999966
97 ; 10043.55848039388 ; 1.9927923163623008E8 ; 903047.4570019748 ; 1.7707791853667164E10 ; 25690.449999999964
98 ; 10184.62265866604 ; 1.9927923163623008E8 ; 913091.0154823686 ; 1.7907071085303394E10 ; 25955.299999999963
99 ; 10236.713980295814 ; 1.9927923163623008E8 ; 923275.6381410346 ; 1.8106350316939625E10 ; 26220.14999999996
100 ; 9940.845709492369 ; 1.9927923163623008E8 ; 933512.3521213304 ; 1.8305629548575855E10 ; 26484.99999999996
101 ; 9919.23375305839 ; 1.9927923163623008E8 ; 943453.1978308228 ; 1.8504908780212086E10 ; 26749.84999999996
102 ; 9974.143435071124 ; 1.9927923163623008E8 ; 953372.4315838811 ; 1.8704188011848316E10 ; 27014.699999999957
103 ; 10151.553896846328 ; 1.9927923163623008E8 ; 963346.5750189523 ; 1.8903467243484547E10 ; 27279.549999999956
104 ; 9948.1428516674 ; 1.9927923163623008E8 ; 973498.1289157986 ; 1.9102746475120777E10 ; 27544.399999999954
105 ; 10157.929865005308 ; 1.9927923163623008E8 ; 983446.271767466 ; 1.9302025706757008E10 ; 27809.249999999953
106 ; 9908.908772698456 ; 1.9927923163623008E8 ; 993604.2016324713 ; 1.9501304938393238E10 ; 28074.09999999995
107 ; 10000.264735826157 ; 1.9927923163623008E8 ; 1003513.1104051698 ; 1.970058417002947E10 ; 28338.94999999995
108 ; 10212.994372562376 ; 1.9927923163623008E8 ; 1013513.375140996 ; 1.98998634016657E10 ; 28603.79999999995
109 ; 10222.543362765136 ; 1.9927923163623008E8 ; 1023726.3695135583 ; 2.009914263330193E10 ; 28868.649999999947
110 ; 10350.702012683923 ; 1.9927923163623008E8 ; 1033948.9128763234 ; 2.029842186493816E10 ; 29133.499999999945
111 ; 10244.959802950505 ; 1.9927923163623008E8 ; 1044299.6148890074 ; 2.049770109657439E10 ; 29398.349999999944
112 ; 10540.28762901119 ; 1.9927923163623008E8 ; 1054544.574691958 ; 2.069698032821062E10 ; 29663.199999999943
113 ; 10427.479733252463 ; 1.9927923163623008E8 ; 1065084.862320969 ; 2.089625955984685E10 ; 29928.04999999994
114 ; 10424.63666287116 ; 1.9927923163623008E8 ; 1075512.3420542215 ; 2.109553879148308E10 ; 30192.89999999994
115 ; 10611.50051976406 ; 1.9927923163623008E8 ; 1085936.9787170927 ; 2.1294818023119312E10 ; 30457.749999999938
116 ; 10692.074436291012 ; 1.9927923163623008E8 ; 1096548.4792368568 ; 2.1494097254755543E10 ; 30722.599999999937
117 ; 10641.63892842313 ; 1.9927923163623008E8 ; 1107240.553673148 ; 2.1693376486391773E10 ; 30987.449999999935
118 ; 10602.3553343133 ; 1.9927923163623008E8 ; 1117882.192601571 ; 2.1892655718028004E10 ; 31252.299999999934
119 ; 10708.713923932808 ; 1.9927923163623008E8 ; 1128484.5479358844 ; 2.2091934949664234E10 ; 31517.149999999932
120 ; 11118.82589179336 ; 1.9927923163623008E8 ; 1139193.2618598172 ; 2.2291214181300465E10 ; 31781.99999999993
121 ; 11235.707711297044 ; 1.9927923163623008E8 ; 1150312.0877516107 ; 2.2490493412936695E10 ; 32046.84999999993
122 ; 11621.936573057801 ; 1.9927923163623008E8 ; 1161547.7954629078 ; 2.2689772644572926E10 ; 32311.699999999928
123 ; 11462.347614657443 ; 1.9927923163623008E8 ; 1173169.7320359657 ; 2.2889051876209156E10 ; 32576.549999999927
124 ; 11492.328698376761 ; 1.9927923163623008E8 ; 1184632.079650623 ; 2.3088331107845387E10 ; 32841.39999999993
125 ; 11394.234548763776 ; 1.9927923163623008E8 ; 1196124.4083489997 ; 2.3287610339481617E10 ; 33106.24999999993
126 ; 11369.051477456887 ; 1.9927923163623008E8 ; 1207518.6428977635 ; 2.3486889571117847E10 ; 33371.099999999926
127 ; 11577.975973360855 ; 1.9927923163623008E8 ; 1218887.6943752205 ; 2.3686168802754078E10 ; 33635.949999999924
128 ; 11271.889080129915 ; 1.9927923163623008E8 ; 1230465.6703485814 ; 2.388544803439031E10 ; 33900.79999999992
129 ; 11483.469976781835 ; 1.9927923163623008E8 ; 1241737.5594287114 ; 2.408472726602654E10 ; 34165.64999999992
130 ; 11393.829847178746 ; 1.9927923163623008E8 ; 1253221.0294054933 ; 2.428400649766277E10 ; 34430.49999999992
131 ; 11255.745406207448 ; 1.9927923163623008E8 ; 1264614.859252672 ; 2.4483285729299E10 ; 34695.34999999992
132 ; 11500.478151505353 ; 1.9927923163623008E8 ; 1275870.6046588793 ; 2.468256496093523E10 ; 34960.19999999992
133 ; 11384.554655178646 ; 1.9927923163623008E8 ; 1287371.0828103847 ; 2.488184419257146E10 ; 35225.049999999916
134 ; 11404.93308240869 ; 1.9927923163623008E8 ; 1298755.6374655634 ; 2.508112342420769E10 ; 35489.899999999914
135 ; 11466.747128757177 ; 1.9927923163623008E8 ; 1310160.570547972 ; 2.528040265584392E10 ; 35754.74999999991
136 ; 11472.314547113358 ; 1.9927923163623008E8 ; 1321627.3176767293 ; 2.5479681887480152E10 ; 36019.59999999991
137 ; 11260.473930604425 ; 1.9927923163623008E8 ; 1333099.6322238427 ; 2.5678961119116383E10 ; 36284.44999999991
138 ; 11266.810509903513 ; 1.9927923163623008E8 ; 1344360.1061544472 ; 2.5878240350752613E10 ; 36549.29999999991
139 ; 11418.06314083461 ; 1.9927923163623008E8 ; 1355626.9166643508 ; 2.6077519582388844E10 ; 36814.14999999991
140 ; 11380.923289427996 ; 1.9927923163623008E8 ; 1367044.9798051855 ; 2.6276798814025074E10 ; 37078.999999999905
141 ; 11404.72260881728 ; 1.9927923163623008E8 ; 1378425.9030946135 ; 2.6476078045661304E10 ; 37343.849999999904
142 ; 11325.00320653067 ; 1.9927923163623008E8 ; 1389830.6257034307 ; 2.6675357277297535E10 ; 37608.6999999999
143 ; 11394.91017270101 ; 1.9927923163623008E8 ; 1401155.6289099613 ; 2.6874636508933765E10 ; 37873.5499999999
144 ; 11133.440653052552 ; 1.9927923163623008E8 ; 1412550.5390826624 ; 2.7073915740569996E10 ; 38138.3999999999
145 ; 11097.568443188693 ; 1.9927923163623008E8 ; 1423683.979735715 ; 2.7273194972206226E10 ; 38403.2499999999
146 ; 11061.377735605187 ; 1.9927923163623008E8 ; 1434781.5481789038 ; 2.7472474203842457E10 ; 38668.0999999999
147 ; 11092.957922479462 ; 1.9927923163623008E8 ; 1445842.925914509 ; 2.7671753435478687E10 ; 38932.949999999895
148 ; 11023.16548889117 ; 1.9927923163623008E8 ; 1456935.8838369884 ; 2.7871032667114918E10 ; 39197.799999999894
149 ; 11147.470695913056 ; 1.9927923163623008E8 ; 1467959.0493258794 ; 2.807031189875115E10 ; 39462.64999999989
150 ; 11123.778536363086 ; 1.9927923163623008E8 ; 1479106.5200217925 ; 2.826959113038738E10 ; 39727.49999999989
151 ; 11073.525599429286 ; 1.9927923163623008E8 ; 1490230.2985581555 ; 2.846887036202361E10 ; 39992.34999999989
152 ; 11121.24158271455 ; 1.9927923163623008E8 ; 1501303.824157585 ; 2.866814959365984E10 ; 40257.19999999989
153 ; 10955.660042562546 ; 1.9927923163623008E8 ; 1512425.0657402994 ; 2.886742882529607E10 ; 40522.04999999989
154 ; 11250.202968592193 ; 1.9927923163623008E8 ; 1523380.725782862 ; 2.90667080569323E10 ; 40786.899999999885
155 ; 11167.627797194775 ; 1.9927923163623008E8 ; 1534630.9287514542 ; 2.926598728856853E10 ; 41051.74999999988
156 ; 10942.327801656918 ; 1.9927923163623008E8 ; 1545798.556548649 ; 2.946526652020476E10 ; 41316.59999999988
157 ; 11060.374123181857 ; 1.9927923163623008E8 ; 1556740.884350306 ; 2.9664545751840992E10 ; 41581.44999999988
158 ; 11109.562702470948 ; 1.9927923163623008E8 ; 1567801.2584734878 ; 2.9863824983477222E10 ; 41846.29999999988
159 ; 11166.193976054648 ; 1.9927923163623008E8 ; 1578910.8211759587 ; 3.0063104215113453E10 ; 42111.14999999988
160 ; 11055.82634078234 ; 1.9927923163623008E8 ; 1590077.0151520134 ; 3.0262383446749683E10 ; 42375.999999999876
161 ; 11003.849269286371 ; 1.9927923163623008E8 ; 1601132.8414927959 ; 3.0461662678385914E10 ; 42640.849999999875
162 ; 10986.08613109763 ; 1.9927923163623008E8 ; 1612136.690762082 ; 3.0660941910022144E10 ; 42905.69999999987
163 ; 11006.220195070395 ; 1.9927923163623008E8 ; 1623122.7768931796 ; 3.0860221141658375E10 ; 43170.54999999987
164 ; 10925.064455042968 ; 1.9927923163623008E8 ; 1634128.99708825 ; 3.1059500373294605E10 ; 43435.39999999987
165 ; 10786.87604330801 ; 1.9927923163623008E8 ; 1645054.061543293 ; 3.1258779604930836E10 ; 43700.24999999987
166 ; 10840.878002543765 ; 1.9927923163623008E8 ; 1655840.9375866011 ; 3.1458058836567066E10 ; 43965.09999999987
167 ; 10865.361766154487 ; 1.9927923163623008E8 ; 1666681.8155891448 ; 3.1657338068203297E10 ; 44229.949999999866
168 ; 10789.16420405174 ; 1.9927923163623008E8 ; 1677547.1773552992 ; 3.1856617299839527E10 ; 44494.799999999865
169 ; 10850.284727934059 ; 1.9927923163623008E8 ; 1688336.341559351 ; 3.2055896531475758E10 ; 44759.64999999986
170 ; 10841.613153345186 ; 1.9927923163623008E8 ; 1699186.626287285 ; 3.2255175763111988E10 ; 45024.49999999986
171 ; 10772.10442256421 ; 1.9927923163623008E8 ; 1710028.2394406302 ; 3.245445499474822E10 ; 45289.34999999986
172 ; 10836.231253650862 ; 1.9927923163623008E8 ; 1720800.3438631943 ; 3.265373422638445E10 ; 45554.19999999986
173 ; 10912.781885233171 ; 1.9927923163623008E8 ; 1731636.5751168453 ; 3.285301345802068E10 ; 45819.04999999986
174 ; 11012.070336511722 ; 1.9927923163623008E8 ; 1742549.3570020786 ; 3.305229268965691E10 ; 46083.899999999856
175 ; 10831.353728003392 ; 1.9927923163623008E8 ; 1753561.4273385904 ; 3.325157192129314E10 ; 46348.749999999854
176 ; 10743.801965887586 ; 1.9927923163623008E8 ; 1764392.7810665937 ; 3.345085115292937E10 ; 46613.59999999985
177 ; 10777.588325370454 ; 1.9927923163623008E8 ; 1775136.5830324814 ; 3.36501303845656E10 ; 46878.44999999985
178 ; 10620.472301045107 ; 1.9927923163623008E8 ; 1785914.171357852 ; 3.384940961620183E10 ; 47143.29999999985
179 ; 10771.371999544835 ; 1.9927923163623008E8 ; 1796534.6436588971 ; 3.4048688847838062E10 ; 47408.14999999985
180 ; 10684.920241462063 ; 1.9927923163623008E8 ; 1807306.015658442 ; 3.4247968079474293E10 ; 47672.99999999985
181 ; 10649.741247710572 ; 1.9927923163623008E8 ; 1817990.935899904 ; 3.444724731111052E10 ; 47937.849999999846
182 ; 10877.355742487027 ; 1.9927923163623008E8 ; 1828640.6771476145 ; 3.464652654274675E10 ; 48202.699999999844
183 ; 10579.388971814013 ; 1.9927923163623008E8 ; 1839518.0328901017 ; 3.484580577438298E10 ; 48467.54999999984
184 ; 10780.694085726154 ; 1.9927923163623008E8 ; 1850097.4218619156 ; 3.504508500601921E10 ; 48732.39999999984
185 ; 10632.192425623049 ; 1.9927923163623008E8 ; 1860878.1159476417 ; 3.524436423765544E10 ; 48997.24999999984
186 ; 10625.395869104204 ; 1.9927923163623008E8 ; 1871510.3083732647 ; 3.544364346929167E10 ; 49262.09999999984
187 ; 10634.53435436293 ; 1.9927923163623008E8 ; 1882135.704242369 ; 3.56429227009279E10 ; 49526.94999999984
188 ; 10885.901682919257 ; 1.9927923163623008E8 ; 1892770.2385967318 ; 3.584220193256413E10 ; 49791.799999999836
189 ; 10494.461405558099 ; 1.9927923163623008E8 ; 1903656.1402796512 ; 3.604148116420036E10 ; 50056.649999999834
190 ; 10610.007960621479 ; 1.9927923163623008E8 ; 1914150.6016852092 ; 3.624076039583659E10 ; 50321.49999999983
191 ; 10662.553255928231 ; 1.9927923163623008E8 ; 1924760.6096458307 ; 3.6440039627472824E10 ; 50586.34999999983
192 ; 10692.460346161863 ; 1.9927923163623008E8 ; 1935423.162901759 ; 3.6639318859109055E10 ; 50851.19999999983
193 ; 10651.104004206647 ; 1.9927923163623008E8 ; 1946115.6232479208 ; 3.6838598090745285E10 ; 51116.04999999983
194 ; 10630.11169842634 ; 1.9927923163623008E8 ; 1956766.7272521274 ; 3.7037877322381516E10 ; 51380.89999999983
195 ; 10440.827805673014 ; 1.9927923163623008E8 ; 1967396.8389505537 ; 3.7237156554017746E10 ; 51645.749999999825
196 ; 10313.081757191192 ; 1.9927923163623008E8 ; 1977837.6667562267 ; 3.743643578565398E10 ; 51910.599999999824
197 ; 10587.807590117147 ; 1.9927923163623008E8 ; 1988150.7485134178 ; 3.763571501729021E10 ; 52175.44999999982
198 ; 10340.490026470332 ; 1.9927923163623008E8 ; 1998738.556103535 ; 3.783499424892644E10 ; 52440.29999999982
199 ; 10239.281646150846 ; 1.9927923163623008E8 ; 2009079.0461300053 ; 3.803427348056267E10 ; 52705.14999999982
200 ; 10549.581384033954 ; 1.9927923163623008E8 ; 2019318.3277761561 ; 3.82335527121989E10 ; 52969.99999999982
201 ; 10343.260821422577 ; 1.9927923163623008E8 ; 2029867.90916019 ; 3.843283194383513E10 ; 53234.84999999982
202 ; 10480.862034273125 ; 1.7024227421343115E8 ; 2040211.1699816126 ; 3.863211117547136E10 ; 53499.699999999815
203 ; 10322.22284731158 ; 1.4974549920965165E8 ; 2050692.0320158857 ; 3.880235344968479E10 ; 53764.549999999814
204 ; 10201.661889290575 ; 1.4939982447256538E8 ; 2061014.2548631972 ; 3.895209894889444E10 ; 54029.39999999981
205 ; 10453.509094545907 ; 1.4905494387376526E8 ; 2071215.916752488 ; 3.9101498773367004E10 ; 54294.24999999981
206 ; 10145.97007272606 ; 1.4871085558883217E8 ; 2081669.4258470337 ; 3.925055371724077E10 ; 54559.09999999981
207 ; 10241.681007021209 ; 1.4836755779753828E8 ; 2091815.3959197598 ; 3.93992645728296E10 ; 54823.94999999981
208 ; 10294.352745215954 ; 1.4802504868383744E8 ; 2102057.076926781 ; 3.954763213062714E10 ; 55088.79999999981
209 ; 10355.478850304136 ; 1.4768332643585566E8 ; 2112351.4296719967 ; 3.9695657179310974E10 ; 55353.649999999805
210 ; 10209.230793339277 ; 1.4734238924588147E8 ; 2122706.908522301 ; 3.9843340505746826E10 ; 55618.4999999998
211 ; 10341.218571061481 ; 1.470022353103563E8 ; 2132916.13931564 ; 3.999068289499271E10 ; 55883.3499999998
212 ; 10001.580354088077 ; 1.4666286282986507E8 ; 2143257.3578867014 ; 4.013768513030306E10 ; 56148.1999999998
213 ; 10271.140298352486 ; 1.4632427000912654E8 ; 2153258.9382407893 ; 4.028434799313293E10 ; 56413.0499999998
214 ; 10096.795386260674 ; 1.4598645505698395E8 ; 2163530.078539142 ; 4.043067226314205E10 ; 56677.8999999998
215 ; 9998.377386494447 ; 1.4564941618639532E8 ; 2173626.8739254028 ; 4.0576658718199036E10 ; 56942.749999999796
216 ; 10083.125171755435 ; 1.4531315161442435E8 ; 2183625.2513118973 ; 4.072230813438543E10 ; 57207.599999999795
217 ; 9882.345960206812 ; 1.4497765956223056E8 ; 2193708.3764836527 ; 4.0867621285999855E10 ; 57472.44999999979
218 ; 10177.204604893303 ; 1.4464293825506032E8 ; 2203590.7224438596 ; 4.101259894556209E10 ; 57737.29999999979
219 ; 9908.452370734069 ; 1.4430898592223707E8 ; 2213767.927048753 ; 4.115724188381715E10 ; 58002.14999999979
220 ; 9820.146302516112 ; 1.439758007971522E8 ; 2223676.379419487 ; 4.130155086973938E10 ; 58266.99999999979
221 ; 9793.526103576967 ; 1.4364338111725563E8 ; 2233496.525722003 ; 4.144552667053653E10 ; 58531.84999999979
222 ; 9827.566922455635 ; 1.4331172512404644E8 ; 2243290.05182558 ; 4.1589170051653786E10 ; 58796.699999999786
223 ; 9955.815156756533 ; 1.429808310630637E8 ; 2253117.6187480357 ; 4.173248177677783E10 ; 59061.549999999785
224 ; 10035.643812214716 ; 1.4265069718387708E8 ; 2263073.433904792 ; 4.18754626078409E10 ; 59326.39999999978
225 ; 9651.951578272048 ; 1.4232132174007753E8 ; 2273109.0777170067 ; 4.201811330502477E10 ; 59591.24999999978
226 ; 10015.41756323627 ; 1.4199270298926818E8 ; 2282761.0292952787 ; 4.216043462676485E10 ; 59856.09999999978
227 ; 9773.335093890595 ; 1.4166483919305512E8 ; 2292776.446858515 ; 4.230242732975411E10 ; 60120.94999999978
228 ; 9701.868099321891 ; 1.4133772861703807E8 ; 2302549.781952406 ; 4.244409216894717E10 ; 60385.79999999978
229 ; 9769.197175148392 ; 1.4101136953080133E8 ; 2312251.650051728 ; 4.25854298975642E10 ; 60650.649999999776
230 ; 9760.284410652535 ; 1.4068576020790458E8 ; 2322020.8472268763 ; 4.2726441267095E10 ; 60915.499999999774
231 ; 9722.67359858818 ; 1.4036089892587373E8 ; 2331781.131637529 ; 4.28671270273029E10 ; 61180.34999999977
232 ; 9540.682698518487 ; 1.4003678396619186E8 ; 2341503.805236117 ; 4.3007487926228775E10 ; 61445.19999999977
233 ; 9539.207145003931 ; 1.3971341361429003E8 ; 2351044.4879346355 ; 4.314752471019497E10 ; 61710.04999999977
234 ; 9512.226190537933 ; 1.393907861595384E8 ; 2360583.6950796396 ; 4.328723812380926E10 ; 61974.89999999977
235 ; 9681.645159415146 ; 1.390688998952369E8 ; 2370095.9212701777 ; 4.3426628909968796E10 ; 62239.74999999977
236 ; 9622.69271576178 ; 1.3874775311860654E8 ; 2379777.5664295927 ; 4.356569780986403E10 ; 62504.599999999766
237 ; 9412.156316932856 ; 1.3842734413077998E8 ; 2389400.2591453544 ; 4.3704445562982635E10 ; 62769.449999999764
238 ; 9451.292076369538 ; 1.3810767123679307E8 ; 2398812.415462287 ; 4.384287290711342E10 ; 63034.29999999976
239 ; 9331.812496774532 ; 1.377887327455754E8 ; 2408263.707538657 ; 4.398098057835021E10 ; 63299.14999999976
240 ; 9377.598455198735 ; 1.3747052696994156E8 ; 2417595.5200354313 ; 4.411876931109579E10 ; 63563.99999999976
241 ; 9518.686812439164 ; 1.3715305222658235E8 ; 2426973.11849063 ; 4.425623983806573E10 ; 63828.84999999976
242 ; 9624.053389858667 ; 1.3683630683605555E8 ; 2436491.805303069 ; 4.439339289029231E10 ; 64093.69999999976
243 ; 9606.955279735637 ; 1.3652028912277737E8 ; 2446115.8586929273 ; 4.4530229197128365E10 ; 64358.549999999756
244 ; 9791.742313587121 ; 1.362049974150133E8 ; 2455722.813972663 ; 4.4666749486251144E10 ; 64623.399999999754
245 ; 10100.82633930441 ; 1.358904300448695E8 ; 2465514.5562862502 ; 4.480295448366616E10 ; 64888.24999999975
246 ; 9900.563167704004 ; 1.3557658534828395E8 ; 2475615.3826255547 ; 4.493884491371103E10 ; 65153.09999999975
247 ; 9743.15681884712 ; 1.3526346166501734E8 ; 2485515.9457932585 ; 4.507442149905931E10 ; 65417.94999999975
248 ; 9746.31456915165 ; 1.3495105733864465E8 ; 2495259.1026121057 ; 4.520968496072433E10 ; 65682.79999999976
249 ; 9815.792506219346 ; 1.3463937071654636E8 ; 2505005.417181257 ; 4.534463601806297E10 ; 65947.64999999976
250 ; 9775.535728944371 ; 1.3432840014989945E8 ; 2514821.2096874765 ; 4.547927538877952E10 ; 66212.49999999977
251 ; 9754.004857789772 ; 1.3401814399366891E8 ; 2524596.745416421 ; 4.561360378892942E10 ; 66477.34999999977
252 ; 9571.525611991052 ; 1.3370860060659896E8 ; 2534350.7502742107 ; 4.574762193292309E10 ; 66742.19999999978
253 ; 9796.817029310532 ; 1.3339976835120437E8 ; 2543922.2758862018 ; 4.5881330533529686E10 ; 67007.04999999978
254 ; 9698.642961818405 ; 1.3309164559376176E8 ; 2553719.092915512 ; 4.601473030188089E10 ; 67271.89999999979
255 ; 9846.352484281859 ; 1.3278423070430101E8 ; 2563417.7358773304 ; 4.6147821947474655E10 ; 67536.7499999998
256 ; 9582.26168933136 ; 1.324775220565967E8 ; 2573264.088361612 ; 4.6280606178178955E10 ; 67801.5999999998
257 ; 9546.679578340605 ; 1.3217151802815932E8 ; 2582846.3500509434 ; 4.641308370023555E10 ; 68066.44999999981
258 ; 9813.649887011441 ; 1.3186621700022686E8 ; 2592393.029629284 ; 4.654525521826371E10 ; 68331.29999999981
259 ; 9576.059523671933 ; 1.3156161735775617E8 ; 2602206.6795162954 ; 4.667712143526394E10 ; 68596.14999999982
260 ; 9720.001303236857 ; 1.3125771748941444E8 ; 2611782.7390399673 ; 4.68086830526217E10 ; 68860.99999999983
261 ; 9570.496080103954 ; 1.3095451578757064E8 ; 2621502.7403432042 ; 4.6939940770111115E10 ; 69125.84999999983
262 ; 9648.818093124051 ; 1.3065201064828706E8 ; 2631073.236423308 ; 4.707089528589868E10 ; 69390.69999999984
263 ; 9628.892848912703 ; 1.3035020047131084E8 ; 2640722.054516432 ; 4.720154729654697E10 ; 69655.54999999984
264 ; 9682.569275849424 ; 1.3004908366006541E8 ; 2650350.9473653445 ; 4.733189749701828E10 ; 69920.39999999985
265 ; 9609.918101475158 ; 1.2974865862164211E8 ; 2660033.516641194 ; 4.7461946580678345E10 ; 70185.24999999985
266 ; 9671.153488294136 ; 1.2944892376679184E8 ; 2669643.434742669 ; 4.759169523929999E10 ; 70450.09999999986
267 ; 9605.380757329429 ; 1.2914987750991651E8 ; 2679314.5882309633 ; 4.772114416306678E10 ; 70714.94999999987
268 ; 9584.98544965604 ; 1.2885151826906072E8 ; 2688919.968988293 ; 4.78502940405767E10 ; 70979.79999999987
269 ; 9584.24485601694 ; 1.2855384446590334E8 ; 2698504.9544379488 ; 4.797914555884576E10 ; 71244.64999999988
270 ; 9555.79100919001 ; 1.2825685452574934E8 ; 2708089.1992939655 ; 4.810769940331166E10 ; 71509.49999999988
271 ; 9547.875430350696 ; 1.2796054687752117E8 ; 2717644.9903031555 ; 4.823595625783741E10 ; 71774.34999999989
272 ; 9691.942358898774 ; 1.2766491995375074E8 ; 2727192.865733506 ; 4.836391680471493E10 ; 72039.1999999999
273 ; 9578.521086881787 ; 1.2736997219057088E8 ; 2736884.808092405 ; 4.849158172466868E10 ; 72304.0499999999
274 ; 9579.016316050214 ; 1.270757020277073E8 ; 2746463.329179287 ; 4.861895169685925E10 ; 72568.8999999999
275 ; 9384.015654611327 ; 1.2678210790847008E8 ; 2756042.345495337 ; 4.874602739888696E10 ; 72833.74999999991
276 ; 9701.922857759997 ; 1.2648918827974568E8 ; 2765426.3611499486 ; 4.887280950679543E10 ; 73098.59999999992
277 ; 9710.72390477999 ; 1.261969415919886E8 ; 2775128.2840077085 ; 4.899929869507518E10 ; 73363.44999999992
278 ; 9410.240189139138 ; 1.2590536629921313E8 ; 2784839.0079124887 ; 4.912549563666717E10 ; 73628.29999999993
279 ; 9399.93214427649 ; 1.2561446085898533E8 ; 2794249.248101628 ; 4.925140100296638E10 ; 73893.14999999994
280 ; 9335.707845657345 ; 1.2532422373241474E8 ; 2803649.1802459043 ; 4.937701546382536E10 ; 74157.99999999994
281 ; 9443.676792972012 ; 1.2503465338414629E8 ; 2812984.8880915614 ; 4.950233968755778E10 ; 74422.84999999995
282 ; 9507.988857975151 ; 1.2474574828235213E8 ; 2822428.564884533 ; 4.9627374340941925E10 ; 74687.69999999995
283 ; 9403.313990198842 ; 1.2445750689872362E8 ; 2831936.5537425084 ; 4.975212008922427E10 ; 74952.54999999996
284 ; 9403.452291906387 ; 1.2416992770846315E8 ; 2841339.8677327074 ; 4.9876577596123E10 ; 75217.39999999997
285 ; 9530.100556754189 ; 1.2388300919027618E8 ; 2850743.3200246138 ; 5.000074752383147E10 ; 75482.24999999997
286 ; 9437.66985879703 ; 1.2359674982636304E8 ; 2860273.420581368 ; 5.012463053302174E10 ; 75747.09999999998
287 ; 9225.257442476219 ; 1.2331114810241102E8 ; 2869711.090440165 ; 5.024822728284811E10 ; 76011.94999999998
288 ; 9384.085967431543 ; 1.2302620250758633E8 ; 2878936.347882641 ; 5.0371538430950516E10 ; 76276.79999999999
289 ; 9495.69881399423 ; 1.2274191153452618E8 ; 2888320.4338500723 ; 5.04945646334581E10 ; 76541.65
290 ; 9313.881263883359 ; 1.2245827367933057E8 ; 2897816.1326640667 ; 5.061730654499262E10 ; 76806.5
291 ; 9286.15732421325 ; 1.2217528744155464E8 ; 2907130.01392795 ; 5.073976481867195E10 ; 77071.35
292 ; 9393.707639668133 ; 1.2189295132420053E8 ; 2916416.171252163 ; 5.08619401061135E10 ; 77336.20000000001
293 ; 9274.794276184835 ; 1.2161126383370948E8 ; 2925809.8788918313 ; 5.0983833057437706E10 ; 77601.05000000002
294 ; 9340.99712418439 ; 1.2133022347995402E8 ; 2935084.673168016 ; 5.1105444321271416E10 ; 77865.90000000002
295 ; 9287.239254412327 ; 1.2104982877623008E8 ; 2944425.6702922005 ; 5.122677454475137E10 ; 78130.75000000003
296 ; 9439.616458008068 ; 1.2077007823924896E8 ; 2953712.9095466128 ; 5.13478243735276E10 ; 78395.60000000003
297 ; 9461.240501238863 ; 1.2049097038912968E8 ; 2963152.526004621 ; 5.146859445176685E10 ; 78660.45000000004
298 ; 9518.257504656538 ; 1.2021250374939106E8 ; 2972613.76650586 ; 5.158908542215598E10 ; 78925.30000000005
299 ; 9114.968519256476 ; 1.1993467684694396E8 ; 2982132.0240105162 ; 5.170929792590537E10 ; 79190.15000000005
300 ; 9147.957624491002 ; 1.196574882120834E8 ; 2991246.9925297727 ; 5.182923260275232E10 ; 79455.00000000006
301 ; 9340.610915943944 ; 1.1938093637848084E8 ; 3000394.9501542635 ; 5.19488900909644E10 ; 79719.85000000006
302 ; 9346.825501980047 ; 1.1910501988317643E8 ; 3009735.5610702075 ; 5.206827102734288E10 ; 79984.70000000007
303 ; 9071.18389323404 ; 1.188297372665713E8 ; 3019082.3865721878 ; 5.218737604722606E10 ; 80249.55000000008
304 ; 9360.029374630922 ; 1.1855508707241973E8 ; 3028153.570465422 ; 5.230620578449263E10 ; 80514.40000000008
305 ; 9503.235811171526 ; 1.1828106784782158E8 ; 3037513.599840053 ; 5.242476087156505E10 ; 80779.25000000009
306 ; 9294.349621298497 ; 1.1800767814321451E8 ; 3047016.8356512245 ; 5.254304193941287E10 ; 81044.1000000001
307 ; 9354.821874225905 ; 1.1773491651236632E8 ; 3056311.185272523 ; 5.266104961755608E10 ; 81308.9500000001
308 ; 9291.854864205234 ; 1.1746278151236738E8 ; 3065666.007146749 ; 5.277878453406845E10 ; 81573.8000000001
309 ; 9171.104722133405 ; 1.1719127170362289E8 ; 3074957.8620109544 ; 5.289624731558082E10 ; 81838.65000000011
310 ; 9188.38757917835 ; 1.1692038564984532E8 ; 3084128.966733088 ; 5.301343858728444E10 ; 82103.50000000012
311 ; 9285.298607778934 ; 1.1665012191804682E8 ; 3093317.354312266 ; 5.313035897293429E10 ; 82368.35000000012
312 ; 9483.09642260703 ; 1.1638047907853162E8 ; 3102602.652920045 ; 5.324700909485233E10 ; 82633.20000000013
313 ; 9141.137628226481 ; 1.1611145570488848E8 ; 3112085.749342652 ; 5.336338957393086E10 ; 82898.05000000013
314 ; 9133.78373886452 ; 1.1584305037398311E8 ; 3121226.8869708786 ; 5.347950102963575E10 ; 83162.90000000014
315 ; 9210.229378316491 ; 1.1557526166595069E8 ; 3130360.670709743 ; 5.3595344080009735E10 ; 83427.75000000015
316 ; 9168.351780201663 ; 1.1530808816418834E8 ; 3139570.9000880597 ; 5.371091934167568E10 ; 83692.60000000015
317 ; 9466.661607621088 ; 1.150415284553476E8 ; 3148739.2518682615 ; 5.382622742983987E10 ; 83957.45000000016
318 ; 9253.812699077296 ; 1.14775581129327E8 ; 3158205.9134758827 ; 5.394126895829521E10 ; 84222.30000000016
319 ; 9337.038483408523 ; 1.1451024477926452E8 ; 3167459.72617496 ; 5.405604453942454E10 ; 84487.15000000017
320 ; 9306.913773161634 ; 1.1424551800153033E8 ; 3176796.7646583687 ; 5.4170554784203804E10 ; 84752.00000000017
321 ; 9147.452163913076 ; 1.139813993957191E8 ; 3186103.6784315305 ; 5.428480030220534E10 ; 85016.85000000018
322 ; 9300.87300867168 ; 1.1371788756464279E8 ; 3195251.130595444 ; 5.439878170160106E10 ; 85281.70000000019
323 ; 9279.65220368395 ; 1.1345498111432323E8 ; 3204552.0036041155 ; 5.45124995891657E10 ; 85546.55000000019
324 ; 9243.351273067514 ; 1.1319267865398467E8 ; 3213831.655807799 ; 5.462595457028003E10 ; 85811.4000000002
325 ; 9219.829725166524 ; 1.1293097879604647E8 ; 3223075.0070808665 ; 5.473914724893401E10 ; 86076.2500000002
326 ; 9096.47119986387 ; 1.1266988015611577E8 ; 3232294.836806033 ; 5.485207822773006E10 ; 86341.10000000021
327 ; 9239.99558982352 ; 1.124093813529802E8 ; 3241391.308005897 ; 5.496474810788617E10 ; 86605.95000000022
328 ; 9333.897988088429 ; 1.1214948100860043E8 ; 3250631.3035957203 ; 5.507715748923915E10 ; 86870.80000000022
329 ; 9064.809251985522 ; 1.1189017774810307E8 ; 3259965.2015838088 ; 5.518930697024775E10 ; 87135.65000000023
330 ; 9025.147595555332 ; 1.1163147019977322E8 ; 3269030.0108357943 ; 5.530119714799585E10 ; 87400.50000000023
331 ; 8967.370096238208 ; 1.1137335699504742E8 ; 3278055.15843135 ; 5.5412828618195625E10 ; 87665.35000000024
332 ; 9181.988163730233 ; 1.1111583676850615E8 ; 3287022.528527588 ; 5.5524201975190674E10 ; 87930.20000000024
333 ; 8966.952946041514 ; 1.1085890815786684E8 ; 3296204.5166913182 ; 5.563531781195918E10 ; 88195.05000000025
334 ; 9089.00594028048 ; 1.1060256980397652E8 ; 3305171.46963736 ; 5.574617672011705E10 ; 88459.90000000026
335 ; 9025.297054230201 ; 1.1034682035080473E8 ; 3314260.4755776403 ; 5.585677928992103E10 ; 88724.75000000026
336 ; 9064.792816890846 ; 1.1009165844543625E8 ; 3323285.7726318706 ; 5.5967126110271835E10 ; 88989.60000000027
337 ; 8996.06870406976 ; 1.0983708273806399E8 ; 3332350.5654487615 ; 5.607721776871727E10 ; 89254.45000000027
338 ; 9034.549182912338 ; 1.0958309188198191E8 ; 3341346.634152831 ; 5.618705485145534E10 ; 89519.30000000028
339 ; 9022.29614502509 ; 1.0933013923456533E8 ; 3350381.1833357434 ; 5.629663794333732E10 ; 89784.15000000029
340 ; 8888.429405014767 ; 1.0907843374515651E8 ; 3359403.4794807686 ; 5.6405968082571884E10 ; 90049.00000000029
341 ; 9129.776024315534 ; 1.0882730637602055E8 ; 3368291.9088857835 ; 5.651504651631704E10 ; 90313.8500000003
342 ; 8873.17646894704 ; 1.0857675579278418E8 ; 3377421.684910099 ; 5.662387382269306E10 ; 90578.7000000003
343 ; 8883.301315074652 ; 1.0832678066413976E8 ; 3386294.861379046 ; 5.673245057848585E10 ; 90843.55000000031
344 ; 8855.248473259655 ; 1.0807737966183807E8 ; 3395178.162694121 ; 5.684077735914999E10 ; 91108.40000000031
345 ; 9057.099670487065 ; 1.0782855146068145E8 ; 3404033.4111673804 ; 5.694885473881182E10 ; 91373.25000000032
346 ; 8853.75979462787 ; 1.0758029473851655E8 ; 3413090.5108378674 ; 5.70566832902725E10 ; 91638.10000000033
347 ; 8921.945775517654 ; 1.0733260817622761E8 ; 3421944.270632495 ; 5.716426358501102E10 ; 91902.95000000033
348 ; 8822.775436735681 ; 1.0708549045772928E8 ; 3430866.216408013 ; 5.727159619318725E10 ; 92167.80000000034
349 ; 8766.333658247775 ; 1.0683894026995972E8 ; 3439688.9918447486 ; 5.737868168364497E10 ; 92432.65000000034
350 ; 8811.587003752005 ; 1.0659295630287373E8 ; 3448455.3255029963 ; 5.748552062391493E10 ; 92697.50000000035
351 ; 8935.121932974296 ; 1.0634753724943566E8 ; 3457266.9125067485 ; 5.7592113580217804E10 ; 92962.35000000036
352 ; 8802.190350921948 ; 1.0610268180561267E8 ; 3466202.0344397225 ; 5.769846111746724E10 ; 93227.20000000036
353 ; 8840.617211355231 ; 1.0585838867036769E8 ; 3475004.2247906444 ; 5.780456379927285E10 ; 93492.05000000037
354 ; 8742.430077965428 ; 1.0561465654565264E8 ; 3483844.8420019997 ; 5.7910422187943214E10 ; 93756.90000000037
355 ; 8730.817512264628 ; 1.053714841364015E8 ; 3492587.272079965 ; 5.801603684448887E10 ; 94021.75000000038
356 ; 8656.832583082574 ; 1.0512887015052347E8 ; 3501318.0895922296 ; 5.812140832862527E10 ; 94286.60000000038
357 ; 8744.604864527104 ; 1.0488681329889615E8 ; 3509974.922175312 ; 5.822653719877579E10 ; 94551.45000000039
358 ; 8713.453509984822 ; 1.046453122953587E8 ; 3518719.527039839 ; 5.8331424012074684E10 ; 94816.3000000004
359 ; 8826.800813606667 ; 1.0440436585670511E8 ; 3527432.980549824 ; 5.843606932437004E10 ; 95081.1500000004
360 ; 10241.56866380878 ; 1.0416397270267735E8 ; 3536259.7813634304 ; 5.8540473690226746E10 ; 95346.00000000041
361 ; 10352.08512172286 ; 1.0431935648406382E8 ; 3546501.3500272394 ; 5.864463766292942E10 ; 95610.85000000041
362 ; 10166.769130909242 ; 1.0478337953132515E8 ; 3556853.4351489623 ; 5.874895701941348E10 ; 95875.70000000042
363 ; 10134.042686898438 ; 1.0555604184446122E8 ; 3567020.2042798717 ; 5.885374039894481E10 ; 96140.55000000042
364 ; 10296.710928176552 ; 1.0663734342347212E8 ; 3577154.24696677 ; 5.895929644078927E10 ; 96405.40000000043
365 ; 10144.697270391334 ; 1.0802728426835783E8 ; 3587450.9578949464 ; 5.906593378421274E10 ; 96670.25000000044
366 ; 10119.678992879251 ; 1.0972586437911831E8 ; 3597595.655165338 ; 5.9173961068481094E10 ; 96935.10000000044
367 ; 10022.271068400027 ; 1.1173308375575359E8 ; 3607715.334158217 ; 5.9283686932860214E10 ; 97199.95000000045
368 ; 10051.642775904367 ; 1.1404894239826371E8 ; 3617737.6052266173 ; 5.939542001661597E10 ; 97464.80000000045
369 ; 10171.973461478083 ; 1.1667344030664863E8 ; 3627789.2480025217 ; 5.950946895901423E10 ; 97729.65000000046
370 ; 10386.895850619307 ; 1.1960657748090829E8 ; 3637961.2214639997 ; 5.962614239932088E10 ; 97994.50000000047
371 ; 10239.767785424772 ; 1.2284835392104279E8 ; 3648348.117314619 ; 5.974574897680179E10 ; 98259.35000000047
372 ; 10408.38858049586 ; 1.2639876962705205E8 ; 3658587.885100044 ; 5.986859733072283E10 ; 98524.20000000048
373 ; 10609.267226972059 ; 1.3025782459893616E8 ; 3668996.27368054 ; 5.9994996100349884E10 ; 98789.05000000048
374 ; 10630.213391573974 ; 1.3442551883669505E8 ; 3679605.540907512 ; 6.012525392494882E10 ; 99053.90000000049
375 ; 10717.427267584319 ; 1.3890185234032872E8 ; 3690235.754299086 ; 6.0259679443785515E10 ; 99318.7500000005
376 ; 10743.584387592105 ; 1.4368682510983723E8 ; 3700953.1815666705 ; 6.039858129612585E10 ; 99583.6000000005
377 ; 10866.793184367432 ; 1.4878043714522052E8 ; 3711696.7659542626 ; 6.054226812123569E10 ; 99848.4500000005
378 ; 10860.08719064959 ; 1.5418268844647858E8 ; 3722563.55913863 ; 6.0691048558380905E10 ; 100113.30000000051
379 ; 10729.352284974117 ; 1.5989357901361144E8 ; 3733423.6463292795 ; 6.0845231246827385E10 ; 100378.15000000052
380 ; 10859.61311654185 ; 1.6591310884661907E8 ; 3744152.9986142535 ; 6.1005124825840996E10 ; 100643.00000000052
381 ; 10885.885856572646 ; 1.7224127794550157E8 ; 3755012.6117307954 ; 6.1171037934687614E10 ; 100907.85000000053
382 ; 10964.543182217249 ; 1.7887808631025884E8 ; 3765898.497587368 ; 6.134327921263312E10 ; 101172.70000000054
383 ; 10979.761058657588 ; 1.8582353394089094E8 ; 3776863.040769585 ; 6.1522157298943375E10 ; 101437.55000000054
384 ; 11034.826707535576 ; 1.9307762083739778E8 ; 3787842.8018282424 ; 6.170798083288426E10 ; 101702.40000000055
385 ; 11218.749133847987 ; 1.993283878979629E8 ; 3798877.628535778 ; 6.190105845372166E10 ; 101967.25000000055
386 ; 11463.119874515955 ; 1.99329382955849E8 ; 3810096.377669626 ; 6.210038684161962E10 ; 102232.10000000056
387 ; 11301.552217829829 ; 1.9933037530430123E8 ; 3821559.497544142 ; 6.229971622457547E10 ; 102496.95000000056
388 ; 11411.631329735494 ; 1.9933136494331965E8 ; 3832861.049761972 ; 6.249904659987977E10 ; 102761.80000000057
389 ; 11244.437379385194 ; 1.993323518729042E8 ; 3844272.681091707 ; 6.269837796482309E10 ; 103026.65000000058
390 ; 11255.09314760886 ; 1.9933333609305492E8 ; 3855517.1184710925 ; 6.289771031669599E10 ; 103291.50000000058
391 ; 11394.05841102204 ; 1.993343176037718E8 ; 3866772.2116187015 ; 6.309704365278905E10 ; 103556.35000000059
392 ; 11218.731809332887 ; 1.9933529640505484E8 ; 3878166.2700297236 ; 6.329637797039282E10 ; 103821.2000000006
393 ; 11360.695177526926 ; 1.9933627249690402E8 ; 3889385.0018390566 ; 6.3495713266797874E10 ; 104086.0500000006
394 ; 11487.336576133355 ; 1.9933724587931934E8 ; 3900745.6970165838 ; 6.369504953929478E10 ; 104350.9000000006
395 ; 11390.798206269128 ; 1.9933821655230084E8 ; 3912233.0335927173 ; 6.3894386785174095E10 ; 104615.75000000061
396 ; 11176.704590271049 ; 1.993391845158485E8 ; 3923623.8317989865 ; 6.4093725001726395E10 ; 104880.60000000062
397 ; 11304.926061872397 ; 1.993401497699623E8 ; 3934800.5363892578 ; 6.429306418624224E10 ; 105145.45000000062
398 ; 11371.198301044393 ; 1.9934111231464228E8 ; 3946105.46245113 ; 6.449240433601221E10 ; 105410.30000000063
399 ; 11284.297840961774 ; 1.993420721498884E8 ; 3957476.6607521744 ; 6.469174544832685E10 ; 105675.15000000063
400 ; 11243.70375244067 ; 1.993430292757007E8 ; 3968760.958593136 ; 6.489108752047674E10 ; 105940.00000000064
401 ; 11151.962500202624 ; 1.9934398369207913E8 ; 3980004.662345577 ; 6.509043054975244E10 ; 106204.85000000065
402 ; 11225.596496068774 ; 1.993449353990237E8 ; 3991156.6248457795 ; 6.528977453344452E10 ; 106469.70000000065
403 ; 11212.715558625403 ; 1.9934588439653444E8 ; 4002382.2213418484 ; 6.5489119468843544E10 ; 106734.55000000066
404 ; 11266.949583868423 ; 1.9934683068461135E8 ; 4013594.9369004737 ; 6.568846535324008E10 ; 106999.40000000066
405 ; 11236.431751465421 ; 1.993477742632544E8 ; 4024861.886484342 ; 6.588781218392469E10 ; 107264.25000000067
406 ; 11124.958214018963 ; 1.9934871513246363E8 ; 4036098.3182358076 ; 6.608715995818794E10 ; 107529.10000000068
407 ; 11124.385196930922 ; 1.99349653292239E8 ; 4047223.2764498265 ; 6.6286508673320404E10 ; 107793.95000000068
408 ; 11021.371714984904 ; 1.9935058874258053E8 ; 4058347.6616467573 ; 6.648585832661264E10 ; 108058.80000000069
409 ; 11004.841406176642 ; 1.9935152148348823E8 ; 4069369.0333617423 ; 6.6685208915355225E10 ; 108323.65000000069
410 ; 11192.494498146254 ; 1.9935245151496208E8 ; 4080373.874767919 ; 6.6884560436838715E10 ; 108588.5000000007
411 ; 11023.64613677633 ; 1.9935337883700207E8 ; 4091566.3692660653 ; 6.7083912888353676E10 ; 108853.3500000007
412 ; 11161.093923412673 ; 1.993543034496082E8 ; 4102590.015402842 ; 6.728326626719068E10 ; 109118.20000000071
413 ; 11188.09986725958 ; 1.9935522535278052E8 ; 4113751.1093262546 ; 6.748262057064029E10 ; 109383.05000000072
414 ; 10809.365157296432 ; 1.9935614454651898E8 ; 4124939.209193514 ; 6.768197579599307E10 ; 109647.90000000072
415 ; 11073.735331873011 ; 1.9935706103082362E8 ; 4135748.5743508106 ; 6.788133194053959E10 ; 109912.75000000073
416 ; 10903.026398745444 ; 1.993579748056944E8 ; 4146822.3096826836 ; 6.808068900157041E10 ; 110177.60000000073
417 ; 11003.795869132755 ; 1.9935888587113133E8 ; 4157725.336081429 ; 6.828004697637611E10 ; 110442.45000000074
418 ; 10954.09009033464 ; 1.993597942271344E8 ; 4168729.131950562 ; 6.847940586224724E10 ; 110707.30000000075
419 ; 10905.875773388505 ; 1.9936069987370366E8 ; 4179683.2220408963 ; 6.867876565647437E10 ; 110972.15000000075
420 ; 11281.521748255396 ; 1.993616028108391E8 ; 4190589.0978142847 ; 6.887812635634808E10 ; 111237.00000000076
421 ; 10759.250936554532 ; 1.9936250303854063E8 ; 4201870.61956254 ; 6.907748795915892E10 ; 111501.85000000076
422 ; 11003.835244062095 ; 1.9936340055680835E8 ; 4212629.870499095 ; 6.927685046219746E10 ; 111766.70000000077
423 ; 11031.602879444734 ; 1.9936429536564222E8 ; 4223633.705743157 ; 6.947621386275427E10 ; 112031.55000000077
424 ; 11145.64650897326 ; 1.9936518746504226E8 ; 4234665.308622602 ; 6.967557815811992E10 ; 112296.40000000078
425 ; 11202.43226461794 ; 1.9936607685500845E8 ; 4245810.955131575 ; 6.987494334558496E10 ; 112561.25000000079
426 ; 11156.261423172862 ; 1.993669635355408E8 ; 4257013.387396193 ; 7.007430942243997E10 ; 112826.10000000079
427 ; 11301.22490104449 ; 1.9936784750663927E8 ; 4268169.648819366 ; 7.027367638597551E10 ; 113090.9500000008
428 ; 11620.924853495888 ; 1.9936872876830393E8 ; 4279470.87372041 ; 7.047304423348215E10 ; 113355.8000000008
429 ; 11479.671802803143 ; 1.9936960732053474E8 ; 4291091.7985739065 ; 7.067241296225046E10 ; 113620.65000000081
430 ; 11596.90366049999 ; 1.9937048316333172E8 ; 4302571.4703767095 ; 7.0871782569571E10 ; 113885.50000000081
431 ; 11450.035209576206 ; 1.9937135629669484E8 ; 4314168.37403721 ; 7.107115305273433E10 ; 114150.35000000082
432 ; 11660.091315248243 ; 1.9937222672062412E8 ; 4325618.4092467865 ; 7.127052440903102E10 ; 114415.20000000083
433 ; 11547.185978743306 ; 1.9937309443511954E8 ; 4337278.500562035 ; 7.146989663575165E10 ; 114680.05000000083
434 ; 11404.659428679513 ; 1.9937395944018114E8 ; 4348825.686540778 ; 7.166926973018677E10 ; 114944.90000000084
435 ; 11587.682507447957 ; 1.9937482173580888E8 ; 4360230.345969457 ; 7.186864368962695E10 ; 115209.75000000084
436 ; 11633.267803544604 ; 1.993756813220028E8 ; 4371818.028476905 ; 7.206801851136276E10 ; 115474.60000000085
437 ; 11522.164850556246 ; 1.9937653819876286E8 ; 4383451.296280449 ; 7.226739419268477E10 ; 115739.45000000086
438 ; 11190.097253731818 ; 1.9937739236608908E8 ; 4394973.461131006 ; 7.246677073088353E10 ; 116004.30000000086
439 ; 11328.317804138245 ; 1.9937824382398146E8 ; 4406163.558384737 ; 7.266614812324962E10 ; 116269.15000000087
440 ; 11360.16513357891 ; 1.9937909257243997E8 ; 4417491.876188875 ; 7.28655263670736E10 ; 116534.00000000087
441 ; 11172.336534967339 ; 1.9937993861146468E8 ; 4428852.041322454 ; 7.306490545964603E10 ; 116798.85000000088
442 ; 11453.557772548504 ; 1.993807819410555E8 ; 4440024.3778574215 ; 7.326428539825749E10 ; 117063.70000000088
443 ; 11453.592474867799 ; 1.993816225612125E8 ; 4451477.93562997 ; 7.346366618019855E10 ; 117328.55000000089
444 ; 11364.18178088153 ; 1.9938246047193566E8 ; 4462931.528104838 ; 7.366304780275977E10 ; 117593.4000000009
445 ; 11255.57104763679 ; 1.99383295673225E8 ; 4474295.709885719 ; 7.38624302632317E10 ; 117858.2500000009
446 ; 11317.846351548766 ; 1.9938412816508046E8 ; 4485551.280933356 ; 7.406181355890492E10 ; 118123.10000000091
447 ; 10981.624704124117 ; 1.9938495794750208E8 ; 4496869.127284905 ; 7.426119768707E10 ; 118387.95000000091
448 ; 11315.032144608658 ; 1.9938578502048984E8 ; 4507850.751989029 ; 7.44605826450175E10 ; 118652.80000000092
449 ; 11224.997912405937 ; 1.9938660938404378E8 ; 4519165.784133638 ; 7.4659968430038E10 ; 118917.65000000093
450 ; 11212.224585408514 ; 1.9938743103816387E8 ; 4530390.782046044 ; 7.485935503942204E10 ; 119182.50000000093
451 ; 11240.185505181289 ; 1.9938824998285013E8 ; 4541603.006631453 ; 7.50587424704602E10 ; 119447.35000000094
452 ; 11005.52661456877 ; 1.9938906621810254E8 ; 4552843.192136634 ; 7.525813072044305E10 ; 119712.20000000094
453 ; 11206.668344616588 ; 1.993898797439211E8 ; 4563848.718751203 ; 7.545751978666116E10 ; 119977.05000000095
454 ; 11122.240331513773 ; 1.993906905603058E8 ; 4575055.38709582 ; 7.565690966640509E10 ; 120241.90000000095
455 ; 11149.799575307974 ; 1.9939149866725668E8 ; 4586177.627427334 ; 7.58563003569654E10 ; 120506.75000000096
456 ; 11185.955300200685 ; 1.993923040647737E8 ; 4597327.427002642 ; 7.605569185563264E10 ; 120771.60000000097
457 ; 11056.752246003138 ; 1.993931067528569E8 ; 4608513.382302843 ; 7.625508415969742E10 ; 121036.45000000097
458 ; 11093.72847015371 ; 1.9939390673150626E8 ; 4619570.134548847 ; 7.645447726645027E10 ; 121301.30000000098
459 ; 11155.179170301628 ; 1.9939470400072175E8 ; 4630663.863019001 ; 7.665387117318178E10 ; 121566.15000000098
460 ; 11063.359823152468 ; 1.993954985605034E8 ; 4641819.042189302 ; 7.68532658771825E10 ; 121831.00000000099
461 ; 11292.770710046963 ; 1.993962904108512E8 ; 4652882.402012454 ; 7.7052661375743E10 ; 122095.850000001
462 ; 11176.158359640012 ; 1.9939707955176517E8 ; 4664175.172722502 ; 7.725205766615385E10 ; 122360.700000001
463 ; 11051.339378221484 ; 1.993978659832453E8 ; 4675351.331082142 ; 7.745145474570561E10 ; 122625.550000001
464 ; 11083.675176725044 ; 1.993986497052916E8 ; 4686402.670460364 ; 7.765085261168886E10 ; 122890.40000000101
465 ; 11019.619004467337 ; 1.9939943071790403E8 ; 4697486.345637089 ; 7.785025126139415E10 ; 123155.25000000102
466 ; 10994.292904963084 ; 1.994002090210826E8 ; 4708505.964641556 ; 7.804965069211206E10 ; 123420.10000000102
467 ; 11058.99465652166 ; 1.9940098461482736E8 ; 4719500.257546519 ; 7.824905090113315E10 ; 123684.95000000103
468 ; 10994.842087863066 ; 1.9940175749913827E8 ; 4730559.252203041 ; 7.844845188574797E10 ; 123949.80000000104
469 ; 11126.41940773706 ; 1.9940252767401534E8 ; 4741554.094290904 ; 7.864785364324712E10 ; 124214.65000000104
470 ; 11200.393438380015 ; 1.9940329513945857E8 ; 4752680.513698641 ; 7.884725617092113E10 ; 124479.50000000105
471 ; 11317.014027349485 ; 1.9940405989546794E8 ; 4763880.907137021 ; 7.90466594660606E10 ; 124744.35000000105
472 ; 11309.055583198064 ; 1.9940482194204345E8 ; 4775197.921164371 ; 7.924606352595605E10 ; 125009.20000000106
473 ; 11389.264140656667 ; 1.9940558127918515E8 ; 4786506.976747569 ; 7.94454683478981E10 ; 125274.05000000107
474 ; 11236.979624104593 ; 1.99406337906893E8 ; 4797896.240888225 ; 7.964487392917729E10 ; 125538.90000000107
475 ; 11439.760313861572 ; 1.99407091825167E8 ; 4809133.22051233 ; 7.984428026708418E10 ; 125803.75000000108
476 ; 11650.801244485881 ; 1.9940784303400716E8 ; 4820572.980826192 ; 8.004368735890935E10 ; 126068.60000000108
477 ; 11401.761113970022 ; 1.9940859153341347E8 ; 4832223.782070678 ; 8.024309520194336E10 ; 126333.45000000109
478 ; 11570.006423161592 ; 1.9940933732338592E8 ; 4843625.543184647 ; 8.044250379347678E10 ; 126598.3000000011
479 ; 11646.148941067662 ; 1.9941008040392455E8 ; 4855195.549607809 ; 8.064191313080016E10 ; 126863.1500000011
480 ; 10313.06012968726 ; 1.9941082077502933E8 ; 4866841.698548877 ; 8.084132321120409E10 ; 127128.0000000011
481 ; 10351.15714000976 ; 1.9941155843670028E8 ; 4877154.758678564 ; 8.104073403197911E10 ; 127392.85000000111
482 ; 10763.10161246706 ; 1.9941229338893735E8 ; 4887505.915818574 ; 8.124014559041582E10 ; 127657.70000000112
483 ; 10736.161290872693 ; 1.9941302563174063E8 ; 4898269.017431041 ; 8.143955788380475E10 ; 127922.55000000112
484 ; 10851.544128264824 ; 1.9941375516511002E8 ; 4909005.178721914 ; 8.16389709094365E10 ; 128187.40000000113
485 ; 10790.008956245929 ; 1.994144819890456E8 ; 4919856.722850179 ; 8.183838466460161E10 ; 128452.25000000114
486 ; 10863.005220977491 ; 1.994152061035473E8 ; 4930646.731806425 ; 8.203779914659065E10 ; 128717.10000000114
487 ; 10771.448336095276 ; 1.994159275086152E8 ; 4941509.737027403 ; 8.22372143526942E10 ; 128981.95000000115
488 ; 10709.262972423045 ; 1.994166462042492E8 ; 4952281.1853634985 ; 8.243663028020282E10 ; 129246.80000000115
489 ; 10806.994458257206 ; 1.9941736219044942E8 ; 4962990.448335921 ; 8.263604692640707E10 ; 129511.65000000116
490 ; 10611.75861652975 ; 1.9941807546721575E8 ; 4973797.442794179 ; 8.283546428859752E10 ; 129776.50000000116
491 ; 10664.712007465763 ; 1.9941878603454825E8 ; 4984409.201410708 ; 8.303488236406473E10 ; 130041.35000000117
492 ; 10888.465951763737 ; 1.994194938924469E8 ; 4995073.913418174 ; 8.323430115009927E10 ; 130306.20000000118
493 ; 10596.4123294696 ; 1.994201990409117E8 ; 5005962.379369938 ; 8.343372064399171E10 ; 130571.05000000118
494 ; 10830.496252629378 ; 1.9942090147994268E8 ; 5016558.791699408 ; 8.363314084303262E10 ; 130835.90000000119
495 ; 10747.51502502671 ; 1.994216012095398E8 ; 5027389.287952037 ; 8.383256174451257E10 ; 131100.7500000012
496 ; 10715.405187766224 ; 1.994222982297031E8 ; 5038136.802977064 ; 8.40319833457221E10 ; 131365.6000000012
497 ; 10602.34433182475 ; 1.9942299254043254E8 ; 5048852.20816483 ; 8.423140564395181E10 ; 131630.4500000012
498 ; 10609.70786828028 ; 1.9942368414172813E8 ; 5059454.552496655 ; 8.443082863649225E10 ; 131895.3000000012
499 ; 10888.914454387304 ; 1.9942437303358987E8 ; 5070064.260364935 ; 8.463025232063397E10 ; 132160.15000000122
500 ; 10585.401412579891 ; 1.9942505921601778E8 ; 5080953.174819322 ; 8.482967669366756E10 ; 132425.00000000122
501 ; 10717.509668294044 ; 1.9942574268901184E8 ; 5091538.576231902 ; 8.502910175288358E10 ; 132689.85000000123
502 ; 10582.180629872859 ; 1.9942642345257208E8 ; 5102256.085900197 ; 8.522852749557259E10 ; 132954.70000000123
503 ; 10540.981486999097 ; 1.9942710150669843E8 ; 5112838.2665300695 ; 8.542795391902516E10 ; 133219.55000000124
504 ; 10622.92682155187 ; 1.9942777685139096E8 ; 5123379.248017069 ; 8.562738102053186E10 ; 133484.40000000125
505 ; 10717.025003511004 ; 1.9942844948664966E8 ; 5134002.174838621 ; 8.582680879738326E10 ; 133749.25000000125
506 ; 10639.991719090372 ; 1.994291194124745E8 ; 5144719.199842133 ; 8.60262372468699E10 ; 134014.10000000126
507 ; 10665.471880638885 ; 1.994297866288655E8 ; 5155359.191561223 ; 8.622566636628238E10 ; 134278.95000000126
508 ; 10758.97261475687 ; 1.9943045113582265E8 ; 5166024.663441862 ; 8.642509615291124E10 ; 134543.80000000127
509 ; 10739.075006888766 ; 1.9943111293334597E8 ; 5176783.636056619 ; 8.662452660404706E10 ; 134808.65000000127
510 ; 10709.741850837356 ; 1.9943173163623008E8 ; 5187522.711063508 ; 8.682395771698041E10 ; 135073.50000000128
511 ; 10553.628628203858 ; 1.9943173163623008E8 ; 5198232.452914345 ; 8.702338944861664E10 ; 135338.3500000013
512 ; 10457.24318726168 ; 1.9943173163623008E8 ; 5208786.081542549 ; 8.722282118025287E10 ; 135603.2000000013
513 ; 10605.560846391863 ; 1.9943173163623008E8 ; 5219243.3247298105 ; 8.74222529118891E10 ; 135868.0500000013
514 ; 10482.451511357405 ; 1.9943173163623008E8 ; 5229848.8855762025 ; 8.762168464352533E10 ; 136132.9000000013
515 ; 10569.081425619223 ; 1.9943173163623008E8 ; 5240331.3370875595 ; 8.782111637516156E10 ; 136397.7500000013
516 ; 10461.992753962 ; 1.9943173163623008E8 ; 5250900.418513179 ; 8.802054810679779E10 ; 136662.60000000132
517 ; 10495.242302013692 ; 1.9943173163623008E8 ; 5261362.411267141 ; 8.821997983843402E10 ; 136927.45000000132
518 ; 10503.338408638727 ; 1.9943173163623008E8 ; 5271857.653569154 ; 8.841941157007025E10 ; 137192.30000000133
519 ; 10553.25077222178 ; 1.9943173163623008E8 ; 5282360.991977793 ; 8.861884330170648E10 ; 137457.15000000133
520 ; 10560.185959051423 ; 1.9943173163623008E8 ; 5292914.242750015 ; 8.881827503334271E10 ; 137722.00000000134
521 ; 10630.719775231719 ; 1.9943173163623008E8 ; 5303474.4287090665 ; 8.901770676497894E10 ; 137986.85000000134
522 ; 10737.556778013772 ; 1.9943173163623008E8 ; 5314105.148484298 ; 8.921713849661517E10 ; 138251.70000000135
523 ; 10490.998614278114 ; 1.9943173163623008E8 ; 5324842.705262312 ; 8.94165702282514E10 ; 138516.55000000136
524 ; 10517.768669476722 ; 1.9943173163623008E8 ; 5335333.703876589 ; 8.961600195988763E10 ; 138781.40000000136
525 ; 10362.476116564356 ; 1.9943173163623008E8 ; 5345851.472546066 ; 8.981543369152386E10 ; 139046.25000000137
526 ; 10393.323687654185 ; 1.9943173163623008E8 ; 5356213.94866263 ; 9.00148654231601E10 ; 139311.10000000137
527 ; 10491.623933075984 ; 1.9943173163623008E8 ; 5366607.272350284 ; 9.021429715479633E10 ; 139575.95000000138
528 ; 10214.540406413635 ; 1.9943173163623008E8 ; 5377098.89628336 ; 9.041372888643256E10 ; 139840.80000000139
529 ; 10274.797704795765 ; 1.9943173163623008E8 ; 5387313.436689774 ; 9.061316061806879E10 ; 140105.6500000014
530 ; 10414.851200843394 ; 1.9943173163623008E8 ; 5397588.234394569 ; 9.081259234970502E10 ; 140370.5000000014
531 ; 10332.107996348195 ; 1.9943173163623008E8 ; 5408003.085595412 ; 9.101202408134125E10 ; 140635.3500000014
532 ; 10110.172514877033 ; 1.9943173163623008E8 ; 5418335.1935917605 ; 9.121145581297748E10 ; 140900.2000000014
533 ; 10208.232845548093 ; 1.9943173163623008E8 ; 5428445.366106638 ; 9.141088754461371E10 ; 141165.0500000014
534 ; 10118.267558559193 ; 1.9943173163623008E8 ; 5438653.598952186 ; 9.161031927624994E10 ; 141429.90000000142
535 ; 10209.652086101183 ; 1.9943173163623008E8 ; 5448771.866510745 ; 9.180975100788617E10 ; 141694.75000000143
536 ; 10119.985735521963 ; 1.9943173163623008E8 ; 5458981.518596847 ; 9.20091827395224E10 ; 141959.60000000143
537 ; 10130.450334659738 ; 1.9943173163623008E8 ; 5469101.504332368 ; 9.220861447115863E10 ; 142224.45000000144
538 ; 10013.655102449633 ; 1.9943173163623008E8 ; 5479231.954667028 ; 9.240804620279486E10 ; 142489.30000000144
539 ; 10070.53771057257 ; 1.9943173163623008E8 ; 5489245.6097694775 ; 9.260747793443109E10 ; 142754.15000000145
540 ; 9954.382638492601 ; 1.9943173163623008E8 ; 5499316.14748005 ; 9.280690966606732E10 ; 143019.00000000146
541 ; 10137.509441515138 ; 1.9943173163623008E8 ; 5509270.530118543 ; 9.300634139770355E10 ; 143283.85000000146
542 ; 10302.114023929586 ; 1.9943173163623008E8 ; 5519408.039560058 ; 9.320577312933978E10 ; 143548.70000000147
543 ; 10073.219380993494 ; 1.9943173163623008E8 ; 5529710.153583988 ; 9.340520486097601E10 ; 143813.55000000147
544 ; 9964.03983843922 ; 1.9943173163623008E8 ; 5539783.372964981 ; 9.360463659261224E10 ; 144078.40000000148
545 ; 10067.739534572753 ; 1.9943173163623008E8 ; 5549747.41280342 ; 9.380406832424847E10 ; 144343.25000000148
546 ; 9919.256150146775 ; 1.9943173163623008E8 ; 5559815.152337993 ; 9.40035000558847E10 ; 144608.1000000015
547 ; 9975.893258466982 ; 1.9943173163623008E8 ; 5569734.4084881395 ; 9.420293178752094E10 ; 144872.9500000015
548 ; 9741.196715939968 ; 1.9943173163623008E8 ; 5579710.301746607 ; 9.440236351915717E10 ; 145137.8000000015
549 ; 10133.627387910297 ; 1.9943173163623008E8 ; 5589451.498462547 ; 9.46017952507934E10 ; 145402.6500000015
550 ; 9781.66792080904 ; 1.9943173163623008E8 ; 5599585.125850457 ; 9.480122698242963E10 ; 145667.5000000015
551 ; 9836.562440894935 ; 1.9943173163623008E8 ; 5609366.793771266 ; 9.500065871406586E10 ; 145932.35000000152
552 ; 9778.991613112279 ; 1.9943173163623008E8 ; 5619203.356212161 ; 9.520009044570209E10 ; 146197.20000000153
553 ; 9761.314069975055 ; 1.9943173163623008E8 ; 5628982.347825273 ; 9.539952217733832E10 ; 146462.05000000153
554 ; 9724.42119993482 ; 1.9943173163623008E8 ; 5638743.661895248 ; 9.559895390897455E10 ; 146726.90000000154
555 ; 9717.647924755607 ; 1.9943173163623008E8 ; 5648468.083095183 ; 9.579838564061078E10 ; 146991.75000000154
556 ; 9765.198750278521 ; 1.9943173163623008E8 ; 5658185.731019938 ; 9.599781737224701E10 ; 147256.60000000155
557 ; 9633.012795387835 ; 1.9943173163623008E8 ; 5667950.929770217 ; 9.619724910388324E10 ; 147521.45000000155
558 ; 9508.994049329453 ; 1.9943173163623008E8 ; 5677583.942565605 ; 9.639668083551947E10 ; 147786.30000000156
559 ; 9400.535731715046 ; 1.9943173163623008E8 ; 5687092.936614934 ; 9.65961125671557E10 ; 148051.15000000157
560 ; 9279.212857301245 ; 1.9943173163623008E8 ; 5696493.4723466495 ; 9.679554429879193E10 ; 148316.00000000157
561 ; 9528.011684947898 ; 1.9943173163623008E8 ; 5705772.685203951 ; 9.699497603042816E10 ; 148580.85000000158
562 ; 9433.020070474726 ; 1.6548602540557078E8 ; 5715300.6968888985 ; 9.719440776206439E10 ; 148845.70000000158
563 ; 9512.979764338403 ; 1.4989799920965165E8 ; 5724733.716959373 ; 9.735989378746996E10 ; 149110.5500000016
564 ; 9265.41364255142 ; 1.4955232447256538E8 ; 5734246.696723712 ; 9.750979178667961E10 ; 149375.4000000016
565 ; 9319.948253249104 ; 1.4920744387376526E8 ; 5743512.110366263 ; 9.765934411115218E10 ; 149640.2500000016
566 ; 9143.585662994623 ; 1.4886335558883217E8 ; 5752832.058619512 ; 9.780855155502594E10 ; 149905.1000000016
567 ; 9199.809312252342 ; 1.4852005779753828E8 ; 5761975.644282507 ; 9.795741491061478E10 ; 150169.9500000016
568 ; 9237.5246252324 ; 1.4817754868383744E8 ; 5771175.453594759 ; 9.810593496841231E10 ; 150434.80000000162
569 ; 8990.461151718871 ; 1.4783582643585566E8 ; 5780412.978219992 ; 9.825411251709615E10 ; 150699.65000000162
570 ; 9211.904373399373 ; 1.4749488924588147E8 ; 5789403.439371711 ; 9.8401948343532E10 ; 150964.50000000163
571 ; 9128.115021441874 ; 1.471547353103563E8 ; 5798615.34374511 ; 9.854944323277788E10 ; 151229.35000000164
572 ; 8857.173937442563 ; 1.4681536282986507E8 ; 5807743.458766552 ; 9.869659796808824E10 ; 151494.20000000164
573 ; 8874.956838741547 ; 1.4647677000912654E8 ; 5816600.632703994 ; 9.88434133309181E10 ; 151759.05000000165
574 ; 8962.085630751566 ; 1.4613895505698395E8 ; 5825475.589542736 ; 9.898989010092723E10 ; 152023.90000000165
575 ; 8861.833447946054 ; 1.4580191618639532E8 ; 5834437.6751734875 ; 9.913602905598422E10 ; 152288.75000000166
576 ; 8997.782672328258 ; 1.4546565161442435E8 ; 5843299.508621434 ; 9.928183097217062E10 ; 152553.60000000166
577 ; 8802.939759128665 ; 1.4513015956223056E8 ; 5852297.291293762 ; 9.942729662378505E10 ; 152818.45000000167
578 ; 8906.84134585221 ; 1.4479543825506032E8 ; 5861100.23105289 ; 9.957242678334727E10 ; 153083.30000000168
579 ; 8908.028182524467 ; 1.4446148592223707E8 ; 5870007.072398743 ; 9.971722222160234E10 ; 153348.15000000168
580 ; 8789.124976532059 ; 1.441283007971522E8 ; 5878915.100581267 ; 9.986168370752458E10 ; 153613.0000000017
581 ; 8725.057537138135 ; 1.4379588111725563E8 ; 5887704.2255577985 ; 1.0000581200832173E11 ; 153877.8500000017
582 ; 8644.401259559345 ; 1.4346422512404644E8 ; 5896429.283094937 ; 1.0014960788943898E11 ; 154142.7000000017
583 ; 8634.744367784288 ; 1.431333310630637E8 ; 5905073.684354496 ; 1.0029307211456303E11 ; 154407.5500000017
584 ; 8600.375001491779 ; 1.4280319718387708E8 ; 5913708.42872228 ; 1.004362054456261E11 ; 154672.4000000017
585 ; 8499.660963664772 ; 1.4247382174007753E8 ; 5922308.803723772 ; 1.0057900864280998E11 ; 154937.25000000172
586 ; 8641.169648325795 ; 1.4214520298926818E8 ; 5930808.464687437 ; 1.0072148246455006E11 ; 155202.10000000172
587 ; 8414.677826597368 ; 1.4181733919305512E8 ; 5939449.634335763 ; 1.0086362766753934E11 ; 155466.95000000173
588 ; 8584.05514624796 ; 1.4149022861703807E8 ; 5947864.31216236 ; 1.0100544500673239E11 ; 155731.80000000173
589 ; 8413.01635077974 ; 1.4116386953080133E8 ; 5956448.367308608 ; 1.0114693523534943E11 ; 155996.65000000174
590 ; 8586.428357177945 ; 1.4083826020790458E8 ; 5964861.383659388 ; 1.0128809910488023E11 ; 156261.50000000175
591 ; 8467.528056836403 ; 1.4051339892587373E8 ; 5973447.812016566 ; 1.0142893736508813E11 ; 156526.35000000175
592 ; 8264.535431725966 ; 1.4018928396619186E8 ; 5981915.340073403 ; 1.01569450764014E11 ; 156791.20000000176
593 ; 8440.891085847838 ; 1.3986591361429003E8 ; 5990179.875505129 ; 1.017096400479802E11 ; 157056.05000000176
594 ; 8348.647977270146 ; 1.395432861595384E8 ; 5998620.766590977 ; 1.0184950596159448E11 ; 157320.90000000177
595 ; 8312.894061949093 ; 1.392213998952369E8 ; 6006969.414568247 ; 1.0198904924775403E11 ; 157585.75000000178
596 ; 8242.216337296728 ; 1.3890025311860654E8 ; 6015282.308630196 ; 1.0212827064764926E11 ; 157850.60000000178
597 ; 8214.617107232296 ; 1.3857984413077998E8 ; 6023524.5249674935 ; 1.0226717090076787E11 ; 158115.4500000018
598 ; 8286.7500029754 ; 1.3826017123679307E8 ; 6031739.142074726 ; 1.0240575074489865E11 ; 158380.3000000018
599 ; 8320.94287988426 ; 1.379412327455754E8 ; 6040025.892077701 ; 1.0254401091613544E11 ; 158645.1500000018
600 ; 8074.003892717946 ; 1.3762302696994156E8 ; 6048346.834957586 ; 1.0268195214888101E11 ; 158910.0000000018
601 ; 8162.276659483404 ; 1.3730555222658235E8 ; 6056420.838850304 ; 1.0281957517585095E11 ; 159174.8500000018
602 ; 8239.486812712326 ; 1.3698880683605555E8 ; 6064583.115509787 ; 1.0295688072807753E11 ; 159439.70000000182
603 ; 8168.7122264076415 ; 1.3667278912277737E8 ; 6072822.602322499 ; 1.0309386953491359E11 ; 159704.55000000182
604 ; 8292.645219998374 ; 1.363574974150133E8 ; 6080991.314548907 ; 1.0323054232403636E11 ; 159969.40000000183
605 ; 8363.293096570778 ; 1.360429300448695E8 ; 6089283.959768905 ; 1.0336689982145137E11 ; 160234.25000000183
606 ; 8310.437110241293 ; 1.3572908534828395E8 ; 6097647.2528654765 ; 1.0350294275149625E11 ; 160499.10000000184
607 ; 8386.617450421596 ; 1.3541596166501734E8 ; 6105957.689975718 ; 1.0363867183684453E11 ; 160763.95000000185
608 ; 8205.83904976019 ; 1.3510355733864465E8 ; 6114344.30742614 ; 1.0377408779850955E11 ; 161028.80000000185
609 ; 8325.622653958098 ; 1.3479187071654636E8 ; 6122550.1464759 ; 1.0390919135584819E11 ; 161293.65000000186
610 ; 8190.403427634879 ; 1.3448090014989945E8 ; 6130875.769129858 ; 1.0404398322656474E11 ; 161558.50000000186
611 ; 8340.860252349825 ; 1.3417064399366891E8 ; 6139066.172557494 ; 1.0417846412671465E11 ; 161823.35000000187
612 ; 8193.08076248479 ; 1.3386110060659896E8 ; 6147407.032809843 ; 1.0431263477070831E11 ; 162088.20000000187
613 ; 8124.613754970317 ; 1.3355226835120437E8 ; 6155600.113572328 ; 1.0444649587131491E11 ; 162353.05000000188
614 ; 8061.836537967107 ; 1.3324414559376177E8 ; 6163724.727327298 ; 1.0458004813966612E11 ; 162617.9000000019
615 ; 8034.115688340551 ; 1.3293673070430101E8 ; 6171786.563865266 ; 1.0471329228525989E11 ; 162882.7500000019
616 ; 7786.232614447135 ; 1.326300220565967E8 ; 6179820.679553607 ; 1.0484622901596419E11 ; 163147.6000000019
617 ; 8013.625187150017 ; 1.3232401802815932E8 ; 6187606.912168054 ; 1.0497885903802078E11 ; 163412.4500000019
618 ; 8016.773961674113 ; 1.3201871700022686E8 ; 6195620.537355204 ; 1.0511118305604893E11 ; 163677.3000000019
619 ; 7951.470264974294 ; 1.3171411735775617E8 ; 6203637.311316879 ; 1.0524320177304916E11 ; 163942.15000000192
620 ; 7702.912342378105 ; 1.3141021748941444E8 ; 6211588.781581853 ; 1.0537491589040692E11 ; 164207.00000000192
621 ; 7935.477440492346 ; 1.3110701578757064E8 ; 6219291.6939242305 ; 1.0550632610789633E11 ; 164471.85000000193
622 ; 7803.177129312277 ; 1.3080451064828706E8 ; 6227227.171364723 ; 1.056374331236839E11 ; 164736.70000000193
623 ; 7955.244666894289 ; 1.3050270047131084E8 ; 6235030.348494035 ; 1.0576823763433218E11 ; 165001.55000000194
624 ; 7692.122195267187 ; 1.3020158366006541E8 ; 6242985.593160929 ; 1.058987403348035E11 ; 165266.40000000194
625 ; 7572.188275445247 ; 1.2990115862164211E8 ; 6250677.715356196 ; 1.0602894191846356E11 ; 165531.25000000195
626 ; 7733.00489982333 ; 1.2960142376679184E8 ; 6258249.9036316415 ; 1.061588430770852E11 ; 165796.10000000196
627 ; 7715.855624198843 ; 1.2930237750991651E8 ; 6265982.908531465 ; 1.0628844450085199E11 ; 166060.95000000196
628 ; 7782.204183815483 ; 1.2900401826906072E8 ; 6273698.764155664 ; 1.0641774687836191E11 ; 166325.80000000197
629 ; 7545.734533529553 ; 1.2870634446590334E8 ; 6281480.968339479 ; 1.0654675089663097E11 ; 166590.65000000197
630 ; 7700.353629772717 ; 1.2840935452574934E8 ; 6289026.702873008 ; 1.0667545724109686E11 ; 166855.50000000198
631 ; 7612.005202136493 ; 1.2811304687752117E8 ; 6296727.056502781 ; 1.0680386659562262E11 ; 167120.35000000198
632 ; 7758.845524173037 ; 1.2781741995375074E8 ; 6304339.061704918 ; 1.0693197964250014E11 ; 167385.200000002
633 ; 7488.651531242807 ; 1.2752247219057088E8 ; 6312097.907229091 ; 1.0705979706245389E11 ; 167650.050000002
634 ; 7548.340976448187 ; 1.272282020277073E8 ; 6319586.558760334 ; 1.0718731953464445E11 ; 167914.900000002
635 ; 7750.818682107554 ; 1.2693460790847008E8 ; 6327134.899736782 ; 1.0731454773667216E11 ; 168179.750000002
636 ; 7379.384134077948 ; 1.2664168827974568E8 ; 6334885.718418889 ; 1.0744148234458063E11 ; 168444.600000002
637 ; 7474.579433760283 ; 1.263494415919886E8 ; 6342265.102552967 ; 1.0756812403286037E11 ; 168709.45000000202
638 ; 7371.660159252813 ; 1.2605786629921313E8 ; 6349739.681986728 ; 1.0769447347445236E11 ; 168974.30000000203
639 ; 7277.702119795214 ; 1.2576696085898533E8 ; 6357111.34214598 ; 1.0782053134075157E11 ; 169239.15000000203
640 ; 7397.066839382771 ; 1.2547672373241474E8 ; 6364389.044265776 ; 1.0794629830161055E11 ; 169504.00000000204
641 ; 7283.696547243484 ; 1.2518715338414629E8 ; 6371786.111105159 ; 1.0807177502534297E11 ; 169768.85000000204
642 ; 7389.087201149976 ; 1.2489824828235213E8 ; 6379069.807652403 ; 1.0819696217872711E11 ; 170033.70000000205
643 ; 7397.543588620935 ; 1.2461000689872362E8 ; 6386458.894853553 ; 1.0832186042700946E11 ; 170298.55000000205
644 ; 7441.6381369537485 ; 1.2432242770846315E8 ; 6393856.438442173 ; 1.0844647043390819E11 ; 170563.40000000206
645 ; 7380.4386758512055 ; 1.2403550919027618E8 ; 6401298.076579127 ; 1.0857079286161665E11 ; 170828.25000000207
646 ; 6926.836118331408 ; 1.2374924982636304E8 ; 6408678.515254979 ; 1.0869482837080693E11 ; 171093.10000000207
647 ; 7098.788610077875 ; 1.2346364810241102E8 ; 6415605.35137331 ; 1.088185776206333E11 ; 171357.95000000208
648 ; 7380.11926623211 ; 1.2317870250758633E8 ; 6422704.139983388 ; 1.0894204126873572E11 ; 171622.80000000208
649 ; 7342.627808944056 ; 1.2289441153452618E8 ; 6430084.25924962 ; 1.090652199712433E11 ; 171887.6500000021
650 ; 7229.822120871417 ; 1.2261077367933057E8 ; 6437426.887058564 ; 1.0918811438277783E11 ; 172152.5000000021
651 ; 7139.917387813936 ; 1.2232778744155464E8 ; 6444656.709179436 ; 1.0931072515645717E11 ; 172417.3500000021
652 ; 7165.449144167299 ; 1.2204545132420053E8 ; 6451796.62656725 ; 1.0943305294389873E11 ; 172682.2000000021
653 ; 7155.451930963891 ; 1.2176376383370948E8 ; 6458962.075711417 ; 1.0955509839522293E11 ; 172947.0500000021
654 ; 7174.396383749929 ; 1.2148272347995402E8 ; 6466117.52764238 ; 1.0967686215905664E11 ; 173211.90000000212
655 ; 7073.930536657135 ; 1.2120232877623008E8 ; 6473291.924026131 ; 1.0979834488253659E11 ; 173476.75000000212
656 ; 6938.24077659097 ; 1.2092257823924896E8 ; 6480365.854562788 ; 1.0991954721131282E11 ; 173741.60000000213
657 ; 7233.4290832559 ; 1.2064347038912968E8 ; 6487304.095339379 ; 1.1004046978955206E11 ; 174006.45000000214
658 ; 7014.534135871107 ; 1.2036500374939106E8 ; 6494537.524422635 ; 1.101611132599412E11 ; 174271.30000000214
659 ; 7010.534035334379 ; 1.2008717684694396E8 ; 6501552.058558507 ; 1.1028147826369058E11 ; 174536.15000000215
660 ; 6936.256781581339 ; 1.198099882120834E8 ; 6508562.592593841 ; 1.1040156544053752E11 ; 174801.00000000215
661 ; 6855.3911278068745 ; 1.1953343637848084E8 ; 6515498.849375423 ; 1.105213754287496E11 ; 175065.85000000216
662 ; 7074.793833800891 ; 1.1925751988317643E8 ; 6522354.24050323 ; 1.1064090886512808E11 ; 175330.70000000217
663 ; 6868.30830578599 ; 1.189822372665713E8 ; 6529429.034337031 ; 1.1076016638501126E11 ; 175595.55000000217
664 ; 6821.147813674428 ; 1.1870758707241973E8 ; 6536297.342642817 ; 1.1087914862227783E11 ; 175860.40000000218
665 ; 6932.856428223269 ; 1.1843356784782158E8 ; 6543118.490456491 ; 1.1099785620935025E11 ; 176125.25000000218
666 ; 6915.764765053259 ; 1.1816017814321451E8 ; 6550051.346884714 ; 1.1111628977719807E11 ; 176390.1000000022
667 ; 6781.192928971424 ; 1.1788741651236632E8 ; 6556967.1116497675 ; 1.112344499553413E11 ; 176654.9500000022
668 ; 6918.152449639059 ; 1.1761528151236738E8 ; 6563748.304578739 ; 1.1135233737185365E11 ; 176919.8000000022
669 ; 6590.595962465649 ; 1.1734377170362289E8 ; 6570666.457028379 ; 1.1146995265336603E11 ; 177184.6500000022
670 ; 6839.332414068676 ; 1.1707288564984532E8 ; 6577257.0529908445 ; 1.1158729642506966E11 ; 177449.5000000022
671 ; 6804.0194480000455 ; 1.1680262191804682E8 ; 6584096.385404913 ; 1.117043693107195E11 ; 177714.35000000222
672 ; 6769.316045687063 ; 1.1653297907853162E8 ; 6590900.404852913 ; 1.1182117193263754E11 ; 177979.20000000222
673 ; 6770.929974755144 ; 1.1626395570488848E8 ; 6597669.720898599 ; 1.1193770491171608E11 ; 178244.05000000223
674 ; 6638.294999452565 ; 1.1599555037398311E8 ; 6604440.650873355 ; 1.1205396886742097E11 ; 178508.90000000224
675 ; 6765.051332069617 ; 1.1572776166595069E8 ; 6611078.945872807 ; 1.1216996441779495E11 ; 178773.75000000224
676 ; 6693.162502624905 ; 1.1546058816418834E8 ; 6617843.9972048765 ; 1.122856921794609E11 ; 179038.60000000225
677 ; 6779.784616106834 ; 1.151940284553476E8 ; 6624537.1597075015 ; 1.1240115276762509E11 ; 179303.45000000225
678 ; 6578.000315643435 ; 1.14928081129327E8 ; 6631316.944323609 ; 1.1251634679608044E11 ; 179568.30000000226
679 ; 6671.445507561647 ; 1.1466274477926452E8 ; 6637894.9446392525 ; 1.1263127487720978E11 ; 179833.15000000226
680 ; 6472.040673760685 ; 1.1439801800153033E8 ; 6644566.390146814 ; 1.1274593762198904E11 ; 180098.00000000227
681 ; 6687.394715713544 ; 1.141338993957191E8 ; 6651038.430820575 ; 1.1286033563999057E11 ; 180362.85000000228
682 ; 6557.755836551347 ; 1.1387038756464279E8 ; 6657725.825536288 ; 1.1297446953938629E11 ; 180627.70000000228
683 ; 6448.274869763027 ; 1.1360748111432323E8 ; 6664283.581372839 ; 1.1308833992695093E11 ; 180892.5500000023
684 ; 6687.736395569612 ; 1.1334517865398467E8 ; 6670731.856242603 ; 1.1320194740806525E11 ; 181157.4000000023
685 ; 6557.673445814183 ; 1.1308347879604647E8 ; 6677419.592638172 ; 1.1331529258671924E11 ; 181422.2500000023
686 ; 6595.523769713003 ; 1.1282238015611577E8 ; 6683977.2660839865 ; 1.1342837606551529E11 ; 181687.1000000023
687 ; 6461.457873671368 ; 1.125618813529802E8 ; 6690572.7898536995 ; 1.135411984456714E11 ; 181951.9500000023
688 ; 6444.872044135644 ; 1.1230198100860043E8 ; 6697034.247727371 ; 1.1365376032702438E11 ; 182216.80000000232
689 ; 6339.960481963822 ; 1.1204267774810307E8 ; 6703479.119771507 ; 1.1376606230803299E11 ; 182481.65000000232
690 ; 6391.5033669859 ; 1.1178397019977322E8 ; 6709819.080253471 ; 1.138781049857811E11 ; 182746.50000000233
691 ; 6421.12587974522 ; 1.1152585699504742E8 ; 6716210.583620457 ; 1.1398988895598087E11 ; 183011.35000000233
692 ; 6164.368442863754 ; 1.1126833676850615E8 ; 6722631.709500202 ; 1.141014148129759E11 ; 183276.20000000234
693 ; 6555.106233039184 ; 1.1101140815786684E8 ; 6728796.077943066 ; 1.1421268314974442E11 ; 183541.05000000235
694 ; 6263.6823404733805 ; 1.1075506980397652E8 ; 6735351.184176105 ; 1.1432369455790228E11 ; 183805.90000000235
695 ; 6382.2011392206205 ; 1.1049932035080473E8 ; 6741614.866516578 ; 1.1443444962770625E11 ; 184070.75000000236
696 ; 6273.660897792579 ; 1.1024415844543625E8 ; 6747997.067655799 ; 1.1454494894805705E11 ; 184335.60000000236
697 ; 6314.904495438981 ; 1.0998958273806399E8 ; 6754270.728553591 ; 1.1465519310650249E11 ; 184600.45000000237
698 ; 6114.1168890897825 ; 1.0973559188198191E8 ; 6760585.63304903 ; 1.1476518268924055E11 ; 184865.30000000237
699 ; 6173.559857958421 ; 1.0948218453357774E8 ; 6766699.749938119 ; 1.1487491828112254E11 ; 185130.15000000238
700 ; 6139.439182227815 ; 1.0922935935232602E8 ; 6772873.309796077 ; 1.1498440046565613E11 ; 185395.0000000024
701 ; 6201.624290321496 ; 1.08977115000781E8 ; 6779012.748978305 ; 1.1509362982500845E11 ; 185659.8500000024
702 ; 6349.173272037274 ; 1.0872545014456943E8 ; 6785214.373268627 ; 1.1520260694000923E11 ; 185924.7000000024
703 ; 6169.737558542569 ; 1.0847436345238362E8 ; 6791563.546540664 ; 1.1531133239015381E11 ; 186189.5500000024
704 ; 6036.1191461911585 ; 1.0822385359597442E8 ; 6797733.284099206 ; 1.1541980675360619E11 ; 186454.4000000024
705 ; 6136.068066062966 ; 1.0797391925014411E8 ; 6803769.403245398 ; 1.1552803060720216E11 ; 186719.25000000242
706 ; 6056.169378828163 ; 1.0772455909273937E8 ; 6809905.471311461 ; 1.156360045264523E11 ; 186984.10000000242
707 ; 6114.945069215378 ; 1.0747577180464444E8 ; 6815961.640690289 ; 1.1574372908554504E11 ; 187248.95000000243
708 ; 5928.4019727847935 ; 1.0722755606977394E8 ; 6822076.585759505 ; 1.1585120485734969E11 ; 187513.80000000243
709 ; 5931.28738656439 ; 1.0697991057506607E8 ; 6828004.987732289 ; 1.1595843241341946E11 ; 187778.65000000244
710 ; 6043.014853480079 ; 1.0673283401047562E8 ; 6833936.275118854 ; 1.1606541232399454E11 ; 188043.50000000244
711 ; 5930.22179048467 ; 1.0648632506896694E8 ; 6839979.289972334 ; 1.1617214515800502E11 ; 188308.35000000245
712 ; 6112.486056877134 ; 1.0624038244650717E8 ; 6845909.511762819 ; 1.1627863148307399E11 ; 188573.20000000246
713 ; 5837.878428237012 ; 1.0599500484205925E8 ; 6852021.997819697 ; 1.163848718655205E11 ; 188838.05000000246
714 ; 6118.277217727034 ; 1.0575019095757511E8 ; 6857859.876247933 ; 1.1649086687036255E11 ; 189102.90000000247
715 ; 6097.343764914123 ; 1.0550593949798873E8 ; 6863978.15346566 ; 1.1659661706132013E11 ; 189367.75000000247
716 ; 5951.364028303671 ; 1.0526224917120929E8 ; 6870075.4972305745 ; 1.1670212300081812E11 ; 189632.60000000248
717 ; 6019.5209390726595 ; 1.0501911868811442E8 ; 6876026.861258878 ; 1.1680738524998932E11 ; 189897.4500000025
718 ; 5735.24279855374 ; 1.0477654676254326E8 ; 6882046.382197951 ; 1.1691240436867743E11 ; 190162.3000000025
719 ; 5845.2477577107065 ; 1.045345321112898E8 ; 6887781.624996505 ; 1.1701718091543997E11 ; 190427.1500000025
720 ; 5825.021669934651 ; 1.04293073454096E8 ; 6893626.872754215 ; 1.1712171544755125E11 ; 190692.0000000025
721 ; 5885.578097633101 ; 1.044473944417503E8 ; 6899451.89442415 ; 1.1722600852100536E11 ; 190956.8500000025
722 ; 5841.738845138518 ; 1.0491035740471326E8 ; 6905337.472521783 ; 1.1733045591544711E11 ; 191221.70000000251
723 ; 5859.304031476946 ; 1.0568196234298487E8 ; 6911179.211366922 ; 1.1743536627285182E11 ; 191486.55000000252
724 ; 5827.5447436609375 ; 1.0676220925656511E8 ; 6917038.515398399 ; 1.1754104823519481E11 ; 191751.40000000253
725 ; 5974.840366081207 ; 1.08151098145454E8 ; 6922866.06014206 ; 1.1764781044445137E11 ; 192016.25000000253
726 ; 5943.679307084149 ; 1.0984862900965153E8 ; 6928840.900508141 ; 1.1775596154259682E11 ; 192281.10000000254
727 ; 5902.709591527577 ; 1.118548018491577E8 ; 6934784.579815226 ; 1.1786581017160648E11 ; 192545.95000000254
728 ; 5981.824277314581 ; 1.1416961666397251E8 ; 6940687.289406753 ; 1.1797766497345563E11 ; 192810.80000000255
729 ; 5936.1582843170945 ; 1.1679307345409597E8 ; 6946669.1136840675 ; 1.180918345901196E11 ; 193075.65000000256
730 ; 6109.814022931441 ; 1.197251722195281E8 ; 6952605.271968384 ; 1.182086276635737E11 ; 193340.50000000256
731 ; 5970.219423156348 ; 1.2296591296026884E8 ; 6958715.085991316 ; 1.1832835283579323E11 ; 193605.35000000257
732 ; 6249.977341449938 ; 1.2651529567631821E8 ; 6964685.305414472 ; 1.184513187487535E11 ; 193870.20000000257
733 ; 6326.436611065013 ; 1.3037332036767621E8 ; 6970935.282755922 ; 1.1857783404442981E11 ; 194135.05000000258
734 ; 6777.925343964538 ; 1.345399870343429E8 ; 6977261.719366986 ; 1.1870820736479749E11 ; 194399.90000000258
735 ; 6605.67183955403 ; 1.390152956763182E8 ; 6984039.644710951 ; 1.1884274735183183E11 ; 194664.7500000026
736 ; 6527.662510599273 ; 1.4379924629360217E8 ; 6990645.316550504 ; 1.1898176264750815E11 ; 194929.6000000026
737 ; 6910.0270601490565 ; 1.4889183888619477E8 ; 6997172.979061103 ; 1.1912556189380176E11 ; 195194.4500000026
738 ; 6806.137562212958 ; 1.54293073454096E8 ; 7004083.006121253 ; 1.1927445373268796E11 ; 195459.3000000026
739 ; 6684.465153533872 ; 1.6000294999730587E8 ; 7010889.143683465 ; 1.1942874680614206E11 ; 195724.1500000026
740 ; 6718.219505132828 ; 1.6602146851582438E8 ; 7017573.608836999 ; 1.1958874975613936E11 ; 195989.00000000262
741 ; 6872.739477736716 ; 1.7234862900965154E8 ; 7024291.828342132 ; 1.1975477122465518E11 ; 196253.85000000263
742 ; 6833.695446340378 ; 1.7898443147878733E8 ; 7031164.567819869 ; 1.1992711985366484E11 ; 196518.70000000263
743 ; 7069.348354725935 ; 1.859288759232318E8 ; 7037998.2632662095 ; 1.2010610428514363E11 ; 196783.55000000264
744 ; 7139.888057848476 ; 1.9318196234298488E8 ; 7045067.611620936 ; 1.2029203316106686E11 ; 197048.40000000264
745 ; 7425.016723474401 ; 1.9943173163623008E8 ; 7052207.499678784 ; 1.2048521512340985E11 ; 197313.25000000265
746 ; 7403.137151085265 ; 1.9943173163623008E8 ; 7059632.516402259 ; 1.2068464685504608E11 ; 197578.10000000265
747 ; 7356.386277889016 ; 1.9943173163623008E8 ; 7067035.653553343 ; 1.2088407858668231E11 ; 197842.95000000266
748 ; 7392.3440000348455 ; 1.9943173163623008E8 ; 7074392.039831232 ; 1.2108351031831854E11 ; 198107.80000000267
749 ; 7521.610494628516 ; 1.9943173163623008E8 ; 7081784.383831267 ; 1.2128294204995477E11 ; 198372.65000000267
750 ; 7475.976727777721 ; 1.9943173163623008E8 ; 7089305.994325896 ; 1.21482373781591E11 ; 198637.50000000268
751 ; 7387.009045773124 ; 1.9943173163623008E8 ; 7096781.971053674 ; 1.2168180551322723E11 ; 198902.35000000268
752 ; 7482.599140034727 ; 1.9943173163623008E8 ; 7104168.980099447 ; 1.2188123724486346E11 ; 199167.2000000027
753 ; 7537.263023682849 ; 1.9943173163623008E8 ; 7111651.579239482 ; 1.220806689764997E11 ; 199432.0500000027
754 ; 7557.229552750313 ; 1.9943173163623008E8 ; 7119188.842263165 ; 1.2228010070813593E11 ; 199696.9000000027
755 ; 7559.040925670154 ; 1.9943173163623008E8 ; 7126746.071815915 ; 1.2247953243977216E11 ; 199961.7500000027
756 ; 7484.696464496586 ; 1.9943173163623008E8 ; 7134305.112741586 ; 1.2267896417140839E11 ; 200226.6000000027
757 ; 7665.786294494213 ; 1.9943173163623008E8 ; 7141789.8092060825 ; 1.2287839590304462E11 ; 200491.45000000272
758 ; 7484.919835900158 ; 1.9943173163623008E8 ; 7149455.595500576 ; 1.2307782763468085E11 ; 200756.30000000272
759 ; 7402.908054152758 ; 1.9943173163623008E8 ; 7156940.515336476 ; 1.2327725936631708E11 ; 201021.15000000273
760 ; 7645.234021233525 ; 1.9943173163623008E8 ; 7164343.423390629 ; 1.2347669109795331E11 ; 201286.00000000274
761 ; 7582.871901479989 ; 1.9943173163623008E8 ; 7171988.657411862 ; 1.2367612282958954E11 ; 201550.85000000274
762 ; 7663.110284018073 ; 1.9943173163623008E8 ; 7179571.529313342 ; 1.2387555456122577E11 ; 201815.70000000275
763 ; 7663.096637629982 ; 1.9943173163623008E8 ; 7187234.63959736 ; 1.24074986292862E11 ; 202080.55000000275
764 ; 7598.111805836162 ; 1.9943173163623008E8 ; 7194897.73623499 ; 1.2427441802449823E11 ; 202345.40000000276
765 ; 7513.178913541918 ; 1.9943173163623008E8 ; 7202495.848040826 ; 1.2447384975613446E11 ; 202610.25000000276
766 ; 7701.9761674954625 ; 1.9943173163623008E8 ; 7210009.026954368 ; 1.2467328148777069E11 ; 202875.10000000277
767 ; 7585.292457571412 ; 1.9943173163623008E8 ; 7217711.003121863 ; 1.2487271321940692E11 ; 203139.95000000278
768 ; 7563.221069141522 ; 1.9943173163623008E8 ; 7225296.295579434 ; 1.2507214495104315E11 ; 203404.80000000278
769 ; 7615.356739836665 ; 1.9943173163623008E8 ; 7232859.516648576 ; 1.2527157668267938E11 ; 203669.6500000028
770 ; 7722.446583338144 ; 1.9943173163623008E8 ; 7240474.873388412 ; 1.2547100841431561E11 ; 203934.5000000028
771 ; 7686.379889326216 ; 1.9943173163623008E8 ; 7248197.3199717505 ; 1.2567044014595184E11 ; 204199.3500000028
772 ; 7692.637975851492 ; 1.9943173163623008E8 ; 7255883.699861077 ; 1.2586987187758807E11 ; 204464.2000000028
773 ; 7684.610506148255 ; 1.9943173163623008E8 ; 7263576.337836928 ; 1.260693036092243E11 ; 204729.0500000028
774 ; 7486.906593716259 ; 1.9943173163623008E8 ; 7271260.948343076 ; 1.2626873534086053E11 ; 204993.90000000282
775 ; 7599.431858772262 ; 1.9943173163623008E8 ; 7278747.8549367925 ; 1.2646816707249677E11 ; 205258.75000000282
776 ; 7637.704654779131 ; 1.9943173163623008E8 ; 7286347.286795565 ; 1.26667598804133E11 ; 205523.60000000283
777 ; 7718.019259149509 ; 1.9943173163623008E8 ; 7293984.991450344 ; 1.2686703053576923E11 ; 205788.45000000283
778 ; 7430.471444649742 ; 1.9943173163623008E8 ; 7301703.010709493 ; 1.2706646226740546E11 ; 206053.30000000284
779 ; 7499.103697378608 ; 1.9943173163623008E8 ; 7309133.482154143 ; 1.2726589399904169E11 ; 206318.15000000285
780 ; 7691.569148910108 ; 1.9943173163623008E8 ; 7316632.585851521 ; 1.2746532573067792E11 ; 206583.00000000285
781 ; 7552.526452021582 ; 1.9943173163623008E8 ; 7324324.155000431 ; 1.2766475746231415E11 ; 206847.85000000286
782 ; 7710.5733144443575 ; 1.9943173163623008E8 ; 7331876.681452453 ; 1.2786418919395038E11 ; 207112.70000000286
783 ; 7673.464750306143 ; 1.9943173163623008E8 ; 7339587.254766897 ; 1.2806362092558661E11 ; 207377.55000000287
784 ; 7762.625807211925 ; 1.9943173163623008E8 ; 7347260.719517203 ; 1.2826305265722284E11 ; 207642.40000000288
785 ; 7943.9342703407765 ; 1.9943173163623008E8 ; 7355023.345324415 ; 1.2846248438885907E11 ; 207907.25000000288
786 ; 7835.395834556249 ; 1.9943173163623008E8 ; 7362967.279594756 ; 1.286619161204953E11 ; 208172.1000000029
787 ; 8187.18078729427 ; 1.9943173163623008E8 ; 7370802.675429312 ; 1.2886134785213153E11 ; 208436.9500000029
788 ; 8242.776205488839 ; 1.9943173163623008E8 ; 7378989.856216606 ; 1.2906077958376776E11 ; 208701.8000000029
789 ; 8280.45517428673 ; 1.9943173163623008E8 ; 7387232.632422094 ; 1.2926021131540399E11 ; 208966.6500000029
790 ; 8209.252717600373 ; 1.9943173163623008E8 ; 7395513.087596381 ; 1.2945964304704022E11 ; 209231.5000000029
791 ; 8514.130402100123 ; 1.9943173163623008E8 ; 7403722.340313981 ; 1.2965907477867645E11 ; 209496.35000000292
792 ; 8386.622092594096 ; 1.9943173163623008E8 ; 7412236.470716082 ; 1.2985850651031268E11 ; 209761.20000000292
793 ; 8301.944308823598 ; 1.9943173163623008E8 ; 7420623.092808676 ; 1.3005793824194891E11 ; 210026.05000000293
794 ; 8323.950872601174 ; 1.9943173163623008E8 ; 7428925.0371175 ; 1.3025736997358514E11 ; 210290.90000000293
795 ; 8282.03246441327 ; 1.9943173163623008E8 ; 7437248.987990101 ; 1.3045680170522137E11 ; 210555.75000000294
796 ; 8214.762797884436 ; 1.9943173163623008E8 ; 7445531.020454514 ; 1.306562334368576E11 ; 210820.60000000295
797 ; 8411.4926328993 ; 1.9943173163623008E8 ; 7453745.7832523985 ; 1.3085566516849384E11 ; 211085.45000000295
798 ; 8164.290370267354 ; 1.9943173163623008E8 ; 7462157.275885298 ; 1.3105509690013007E11 ; 211350.30000000296
799 ; 8370.550835675842 ; 1.9943173163623008E8 ; 7470321.566255566 ; 1.312545286317663E11 ; 211615.15000000296
800 ; 8512.1194524709 ; 1.9943173163623008E8 ; 7478692.117091241 ; 1.3145396036340253E11 ; 211880.00000000297
801 ; 8484.986490831774 ; 1.9943173163623008E8 ; 7487204.236543712 ; 1.3165339209503876E11 ; 212144.85000000297
802 ; 8382.895452816263 ; 1.9943173163623008E8 ; 7495689.223034544 ; 1.3185282382667499E11 ; 212409.70000000298
803 ; 8411.200231683617 ; 1.9943173163623008E8 ; 7504072.11848736 ; 1.3205225555831122E11 ; 212674.550000003
804 ; 8359.15709831971 ; 1.9943173163623008E8 ; 7512483.318719043 ; 1.3225168728994745E11 ; 212939.400000003
805 ; 8476.144953210243 ; 1.9943173163623008E8 ; 7520842.475817363 ; 1.3245111902158368E11 ; 213204.250000003
806 ; 8600.464945539423 ; 1.9943173163623008E8 ; 7529318.620770573 ; 1.3265055075321991E11 ; 213469.100000003
807 ; 8337.58090309026 ; 1.9943173163623008E8 ; 7537919.0857161125 ; 1.3284998248485614E11 ; 213733.950000003
808 ; 8375.460955115168 ; 1.9943173163623008E8 ; 7546256.666619203 ; 1.3304941421649237E11 ; 213998.80000000302
809 ; 8377.808014015913 ; 1.9943173163623008E8 ; 7554632.127574318 ; 1.332488459481286E11 ; 214263.65000000302
810 ; 8450.982704492802 ; 1.9943173163623008E8 ; 7563009.935588334 ; 1.3344827767976483E11 ; 214528.50000000303
811 ; 8465.332746165073 ; 1.9943173163623008E8 ; 7571460.918292827 ; 1.3364770941140106E11 ; 214793.35000000303
812 ; 8265.63318556267 ; 1.9943173163623008E8 ; 7579926.251038992 ; 1.338471411430373E11 ; 215058.20000000304
813 ; 8473.041090538023 ; 1.9943173163623008E8 ; 7588191.8842245545 ; 1.3404657287467352E11 ; 215323.05000000304
814 ; 8362.7748487584 ; 1.9943173163623008E8 ; 7596664.925315092 ; 1.3424600460630975E11 ; 215587.90000000305
815 ; 8469.547870435315 ; 1.9943173163623008E8 ; 7605027.700163851 ; 1.3444543633794598E11 ; 215852.75000000306
816 ; 8264.873321939058 ; 1.9943173163623008E8 ; 7613497.248034286 ; 1.3464486806958221E11 ; 216117.60000000306
817 ; 8519.870518254545 ; 1.9943173163623008E8 ; 7621762.121356226 ; 1.3484429980121844E11 ; 216382.45000000307
818 ; 8513.984803545862 ; 1.9943173163623008E8 ; 7630281.99187448 ; 1.3504373153285468E11 ; 216647.30000000307
819 ; 8325.9834741992 ; 1.9943173163623008E8 ; 7638795.976678026 ; 1.352431632644909E11 ; 216912.15000000308
820 ; 8443.174847056662 ; 1.9943173163623008E8 ; 7647121.960152226 ; 1.3544259499612714E11 ; 217177.00000000309
821 ; 8412.215918662703 ; 1.9943173163623008E8 ; 7655565.134999283 ; 1.3564202672776337E11 ; 217441.8500000031
822 ; 8347.081575937753 ; 1.9943173163623008E8 ; 7663977.350917946 ; 1.358414584593996E11 ; 217706.7000000031
823 ; 8343.242543529088 ; 1.9943173163623008E8 ; 7672324.432493883 ; 1.3604089019103583E11 ; 217971.5500000031
824 ; 8438.30180536516 ; 1.9943173163623008E8 ; 7680667.675037412 ; 1.3624032192267206E11 ; 218236.4000000031
825 ; 8449.790029212934 ; 1.9943173163623008E8 ; 7689105.976842777 ; 1.3643975365430829E11 ; 218501.2500000031
826 ; 8376.819035442575 ; 1.9943173163623008E8 ; 7697555.76687199 ; 1.3663918538594452E11 ; 218766.10000000312
827 ; 8409.66220638829 ; 1.9943173163623008E8 ; 7705932.585907432 ; 1.3683861711758075E11 ; 219030.95000000313
828 ; 8538.565571100036 ; 1.9943173163623008E8 ; 7714342.24811382 ; 1.3703804884921698E11 ; 219295.80000000313
829 ; 8774.542146852635 ; 1.9943173163623008E8 ; 7722880.813684921 ; 1.3723748058085321E11 ; 219560.65000000314
830 ; 8686.520383694455 ; 1.9943173163623008E8 ; 7731655.355831773 ; 1.3743691231248944E11 ; 219825.50000000314
831 ; 8850.05686936797 ; 1.9943173163623008E8 ; 7740341.876215467 ; 1.3763634404412567E11 ; 220090.35000000315
832 ; 9116.337714893196 ; 1.9943173163623008E8 ; 7749191.933084835 ; 1.378357757757619E11 ; 220355.20000000315
833 ; 8858.005919225066 ; 1.9943173163623008E8 ; 7758308.270799728 ; 1.3803520750739813E11 ; 220620.05000000316
834 ; 8967.466867487814 ; 1.9943173163623008E8 ; 7767166.276718954 ; 1.3823463923903436E11 ; 220884.90000000317
835 ; 8945.489581411428 ; 1.9943173163623008E8 ; 7776133.7435864415 ; 1.384340709706706E11 ; 221149.75000000317
836 ; 9026.702278173268 ; 1.9943173163623008E8 ; 7785079.233167853 ; 1.3863350270230682E11 ; 221414.60000000318
837 ; 9047.333402444274 ; 1.9943173163623008E8 ; 7794105.935446027 ; 1.3883293443394305E11 ; 221679.45000000318
838 ; 9091.57059725799 ; 1.9943173163623008E8 ; 7803153.268848471 ; 1.3903236616557928E11 ; 221944.3000000032
839 ; 9205.945032893751 ; 1.9943173163623008E8 ; 7812244.83944573 ; 1.392317978972155E11 ; 222209.1500000032
840 ; 9556.154685139212 ; 1.9943173163623008E8 ; 7821450.784478623 ; 1.3943122962885175E11 ; 222474.0000000032
841 ; 9563.488789415198 ; 1.9943173163623008E8 ; 7831006.939163763 ; 1.3963066136048798E11 ; 222738.8500000032
842 ; 9951.34459602882 ; 1.9943173163623008E8 ; 7840570.427953178 ; 1.398300930921242E11 ; 223003.7000000032
843 ; 10030.950572015408 ; 1.9943173163623008E8 ; 7850521.772549207 ; 1.4002952482376044E11 ; 223268.55000000322
844 ; 10004.666997948458 ; 1.9943173163623008E8 ; 7860552.723121223 ; 1.4022895655539667E11 ; 223533.40000000322
845 ; 10018.385180495086 ; 1.9943173163623008E8 ; 7870557.390119172 ; 1.404283882870329E11 ; 223798.25000000323
846 ; 9765.526475468982 ; 1.9943173163623008E8 ; 7880575.775299666 ; 1.4062782001866913E11 ; 224063.10000000324
847 ; 9797.701294246486 ; 1.9943173163623008E8 ; 7890341.301775135 ; 1.4082725175030536E11 ; 224327.95000000324
848 ; 9971.139582383164 ; 1.9943173163623008E8 ; 7900139.003069381 ; 1.410266834819416E11 ; 224592.80000000325
849 ; 9898.663195045532 ; 1.9943173163623008E8 ; 7910110.142651765 ; 1.4122611521357782E11 ; 224857.65000000325
850 ; 9965.90804806245 ; 1.9943173163623008E8 ; 7920008.80584681 ; 1.4142554694521405E11 ; 225122.50000000326
851 ; 10030.16278443215 ; 1.9943173163623008E8 ; 7929974.713894873 ; 1.4162497867685028E11 ; 225387.35000000327
852 ; 9833.062111838233 ; 1.9943173163623008E8 ; 7940004.876679305 ; 1.418244104084865E11 ; 225652.20000000327
853 ; 10101.943107304322 ; 1.9943173163623008E8 ; 7949837.938791143 ; 1.4202384214012274E11 ; 225917.05000000328
854 ; 10160.428332442016 ; 1.9943173163623008E8 ; 7959939.881898447 ; 1.4222327387175897E11 ; 226181.90000000328
855 ; 9891.795626242169 ; 1.9943173163623008E8 ; 7970100.310230889 ; 1.424227056033952E11 ; 226446.7500000033
856 ; 9784.986848322336 ; 1.9943173163623008E8 ; 7979992.105857131 ; 1.4262213733503143E11 ; 226711.6000000033
857 ; 9945.3313283486 ; 1.9943173163623008E8 ; 7989777.092705454 ; 1.4282156906666766E11 ; 226976.4500000033
858 ; 10046.47811586424 ; 1.9943173163623008E8 ; 7999722.424033802 ; 1.430210007983039E11 ; 227241.3000000033
859 ; 9810.465348905682 ; 1.9943173163623008E8 ; 8009768.902149666 ; 1.4322043252994012E11 ; 227506.1500000033
860 ; 9881.048215510784 ; 1.9943173163623008E8 ; 8019579.367498572 ; 1.4341986426157635E11 ; 227771.00000000332
861 ; 10085.3333372333 ; 1.9943173163623008E8 ; 8029460.415714082 ; 1.436192959932126E11 ; 228035.85000000332
862 ; 10006.853500674624 ; 1.9943173163623008E8 ; 8039545.749051316 ; 1.4381872772484882E11 ; 228300.70000000333
863 ; 9727.938200031631 ; 1.9943173163623008E8 ; 8049552.60255199 ; 1.4401815945648505E11 ; 228565.55000000334
864 ; 9904.896157156087 ; 1.9943173163623008E8 ; 8059280.540752022 ; 1.4421759118812128E11 ; 228830.40000000334
865 ; 9924.30327349416 ; 1.9943173163623008E8 ; 8069185.436909177 ; 1.444170229197575E11 ; 229095.25000000335
866 ; 9849.046592613833 ; 1.9943173163623008E8 ; 8079109.740182672 ; 1.4461645465139374E11 ; 229360.10000000335
867 ; 9777.875674445168 ; 1.9943173163623008E8 ; 8088958.786775285 ; 1.4481588638302997E11 ; 229624.95000000336
868 ; 9740.077094304905 ; 1.9943173163623008E8 ; 8098736.662449731 ; 1.450153181146662E11 ; 229889.80000000336
869 ; 10042.963134551492 ; 1.9943173163623008E8 ; 8108476.739544036 ; 1.4521474984630243E11 ; 230154.65000000337
870 ; 10120.507201545373 ; 1.9943173163623008E8 ; 8118519.702678587 ; 1.4541418157793866E11 ; 230419.50000000338
871 ; 9608.088274441569 ; 1.9943173163623008E8 ; 8128640.209880132 ; 1.456136133095749E11 ; 230684.35000000338
872 ; 9788.263391174996 ; 1.9943173163623008E8 ; 8138248.298154574 ; 1.4581304504121112E11 ; 230949.2000000034
873 ; 9803.88584618806 ; 1.9943173163623008E8 ; 8148036.561545749 ; 1.4601247677284735E11 ; 231214.0500000034
874 ; 9855.302846873225 ; 1.9943173163623008E8 ; 8157840.4473919375 ; 1.4621190850448358E11 ; 231478.9000000034
875 ; 9905.345078730223 ; 1.9943173163623008E8 ; 8167695.750238811 ; 1.464113402361198E11 ; 231743.7500000034
876 ; 9914.266407621213 ; 1.9943173163623008E8 ; 8177601.095317541 ; 1.4661077196775604E11 ; 232008.6000000034
877 ; 10050.71500224558 ; 1.9943173163623008E8 ; 8187515.361725162 ; 1.4681020369939227E11 ; 232273.45000000342
878 ; 9852.645418852526 ; 1.9943173163623008E8 ; 8197566.076727407 ; 1.470096354310285E11 ; 232538.30000000342
879 ; 10012.048410148402 ; 1.9943173163623008E8 ; 8207418.72214626 ; 1.4720906716266473E11 ; 232803.15000000343
880 ; 9873.890465619872 ; 1.9943173163623008E8 ; 8217430.770556408 ; 1.4740849889430096E11 ; 233068.00000000343
881 ; 9945.868601479222 ; 1.9943173163623008E8 ; 8227304.661022028 ; 1.476079306259372E11 ; 233332.85000000344
882 ; 9959.483743924624 ; 1.9943173163623008E8 ; 8237250.5296235075 ; 1.4780736235757343E11 ; 233597.70000000345
883 ; 10191.569755702549 ; 1.9943173163623008E8 ; 8247210.013367432 ; 1.4800679408920966E11 ; 233862.55000000345
884 ; 9905.499170373263 ; 1.9943173163623008E8 ; 8257401.583123134 ; 1.482062258208459E11 ; 234127.40000000346
885 ; 10021.287211972432 ; 1.9943173163623008E8 ; 8267307.082293508 ; 1.4840565755248212E11 ; 234392.25000000346
886 ; 9936.512600090891 ; 1.9943173163623008E8 ; 8277328.36950548 ; 1.4860508928411835E11 ; 234657.10000000347
887 ; 9822.295903611215 ; 1.9943173163623008E8 ; 8287264.882105571 ; 1.4880452101575458E11 ; 234921.95000000347
888 ; 9895.188705422834 ; 1.9943173163623008E8 ; 8297087.178009182 ; 1.490039527473908E11 ; 235186.80000000348
889 ; 10046.768647357261 ; 1.9943173163623008E8 ; 8306982.366714605 ; 1.4920338447902704E11 ; 235451.6500000035
890 ; 10081.252778076998 ; 1.9943173163623008E8 ; 8317029.135361962 ; 1.4940281621066327E11 ; 235716.5000000035
891 ; 9897.40584207255 ; 1.9943173163623008E8 ; 8327110.388140039 ; 1.496022479422995E11 ; 235981.3500000035
892 ; 9763.614316071109 ; 1.9943173163623008E8 ; 8337007.793982111 ; 1.4980167967393573E11 ; 236246.2000000035
893 ; 9882.585778457662 ; 1.9943173163623008E8 ; 8346771.408298182 ; 1.5000111140557196E11 ; 236511.0500000035
894 ; 9764.190951897188 ; 1.9943173163623008E8 ; 8356653.99407664 ; 1.502005431372082E11 ; 236775.90000000352
895 ; 9824.137405114212 ; 1.9943173163623008E8 ; 8366418.185028537 ; 1.5039997486884442E11 ; 237040.75000000352
896 ; 9965.913038897901 ; 1.9943173163623008E8 ; 8376242.322433651 ; 1.5059940660048065E11 ; 237305.60000000353
897 ; 10039.62423797609 ; 1.9943173163623008E8 ; 8386208.23547255 ; 1.5079883833211688E11 ; 237570.45000000353
898 ; 9926.079170019617 ; 1.9943173163623008E8 ; 8396247.859710526 ; 1.509982700637531E11 ; 237835.30000000354
899 ; 9920.869024475247 ; 1.9943173163623008E8 ; 8406173.938880546 ; 1.5119770179538934E11 ; 238100.15000000354
900 ; 9943.177592054302 ; 1.9943173163623008E8 ; 8416094.807905022 ; 1.5139713352702557E11 ; 238365.00000000355
901 ; 9836.881578541273 ; 1.9943173163623008E8 ; 8426037.985497076 ; 1.515965652586618E11 ; 238629.85000000356
902 ; 9705.060905040651 ; 1.9943173163623008E8 ; 8435874.867075616 ; 1.5179599699029803E11 ; 238894.70000000356
903 ; 9839.102655253131 ; 1.9943173163623008E8 ; 8445579.927980658 ; 1.5199542872193427E11 ; 239159.55000000357
904 ; 9983.041278679324 ; 1.9943173163623008E8 ; 8455419.03063591 ; 1.521948604535705E11 ; 239424.40000000357
905 ; 9638.933612294673 ; 1.9943173163623008E8 ; 8465402.071914589 ; 1.5239429218520673E11 ; 239689.25000000358
906 ; 9813.887238027033 ; 1.9943173163623008E8 ; 8475041.005526884 ; 1.5259372391684296E11 ; 239954.1000000036
907 ; 9809.442303740607 ; 1.9943173163623008E8 ; 8484854.892764911 ; 1.527931556484792E11 ; 240218.9500000036
908 ; 9827.33234837734 ; 1.9943173163623008E8 ; 8494664.335068652 ; 1.5299258738011542E11 ; 240483.8000000036
909 ; 9771.019097939541 ; 1.9943173163623008E8 ; 8504491.667417029 ; 1.5319201911175165E11 ; 240748.6500000036
910 ; 9830.389360463158 ; 1.9943173163623008E8 ; 8514262.686514968 ; 1.5339145084338788E11 ; 241013.5000000036
911 ; 9689.387962892362 ; 1.9943173163623008E8 ; 8524093.075875431 ; 1.535908825750241E11 ; 241278.35000000361
912 ; 9641.589018735134 ; 1.9943173163623008E8 ; 8533782.463838324 ; 1.5379031430666034E11 ; 241543.20000000362
913 ; 9657.862716918973 ; 1.9943173163623008E8 ; 8543424.05285706 ; 1.5398974603829657E11 ; 241808.05000000363
914 ; 9610.737148432097 ; 1.9943173163623008E8 ; 8553081.915573979 ; 1.541891777699328E11 ; 242072.90000000363
915 ; 9548.672082551873 ; 1.9943173163623008E8 ; 8562692.65272241 ; 1.5438860950156903E11 ; 242337.75000000364
916 ; 9650.776624469649 ; 1.9943173163623008E8 ; 8572241.324804964 ; 1.5458804123320526E11 ; 242602.60000000364
917 ; 9606.315095654787 ; 1.9943173163623008E8 ; 8581892.101429433 ; 1.547874729648415E11 ; 242867.45000000365
918 ; 9807.170970191264 ; 1.9943173163623008E8 ; 8591498.416525088 ; 1.5498690469647772E11 ; 243132.30000000366
919 ; 9284.336625715574 ; 1.9943173163623008E8 ; 8601305.58749528 ; 1.5518633642811395E11 ; 243397.15000000366
920 ; 9577.118113244082 ; 1.9943173163623008E8 ; 8610589.924120996 ; 1.5538576815975018E11 ; 243662.00000000367
921 ; 9541.35772429845 ; 1.9943173163623008E8 ; 8620167.04223424 ; 1.555851998913864E11 ; 243926.85000000367
922 ; 9595.013557690987 ; 1.5834727421343115E8 ; 8629708.399958538 ; 1.5578463162302264E11 ; 244191.70000000368
923 ; 9347.48746807001 ; 1.4989799920965165E8 ; 8639303.413516229 ; 1.5594297889723608E11 ; 244456.55000000368
924 ; 9632.610392442153 ; 1.4955232447256538E8 ; 8648650.900984298 ; 1.5609287689644574E11 ; 244721.4000000037
925 ; 9338.797966230002 ; 1.4920744387376526E8 ; 8658283.51137674 ; 1.562424292209183E11 ; 244986.2500000037
926 ; 9476.05012744015 ; 1.4886335558883217E8 ; 8667622.309342971 ; 1.5639163666479208E11 ; 245251.1000000037
927 ; 9285.488008598812 ; 1.4852005779753828E8 ; 8677098.359470412 ; 1.5654050002038092E11 ; 245515.9500000037
928 ; 9700.149585467041 ; 1.4817754868383744E8 ; 8686383.847479012 ; 1.5668902007817847E11 ; 245780.8000000037
929 ; 9381.296535123769 ; 1.4783582643585566E8 ; 8696083.997064479 ; 1.568371976268623E11 ; 246045.65000000372
930 ; 9478.5786509086 ; 1.4749488924588147E8 ; 8705465.293599602 ; 1.5698503345329816E11 ; 246310.50000000373
931 ; 9338.563939674956 ; 1.471547353103563E8 ; 8714943.87225051 ; 1.5713252834254404E11 ; 246575.35000000373
932 ; 9447.796049466284 ; 1.4681536282986507E8 ; 8724282.436190186 ; 1.572796830778544E11 ; 246840.20000000374
933 ; 9128.714848004664 ; 1.4647677000912654E8 ; 8733730.232239652 ; 1.5742649844068427E11 ; 247105.05000000374
934 ; 9465.79406275723 ; 1.4613895505698395E8 ; 8742858.947087657 ; 1.575729752106934E11 ; 247369.90000000375
935 ; 9302.982434006619 ; 1.4580191618639532E8 ; 8752324.741150415 ; 1.5771911416575037E11 ; 247634.75000000375
936 ; 9311.42317623901 ; 1.4546565161442435E8 ; 8761627.723584421 ; 1.5786491608193677E11 ; 247899.60000000376
937 ; 9541.522237681234 ; 1.4513015956223056E8 ; 8770939.14676066 ; 1.5801038173355118E11 ; 248164.45000000377
938 ; 9087.256260352684 ; 1.4479543825506032E8 ; 8780480.66899834 ; 1.581555118931134E11 ; 248429.30000000377
939 ; 9333.88839232461 ; 1.4446148592223707E8 ; 8789567.925258692 ; 1.5830030733136847E11 ; 248694.15000000378
940 ; 9207.010486419376 ; 1.441283007971522E8 ; 8798901.813651018 ; 1.584447688172907E11 ; 248959.00000000378
941 ; 8991.700463884057 ; 1.4379588111725563E8 ; 8808108.824137438 ; 1.5858889711808786E11 ; 249223.8500000038
942 ; 8953.354596358506 ; 1.4346422512404644E8 ; 8817100.524601322 ; 1.587326929992051E11 ; 249488.7000000038
943 ; 9294.662227404253 ; 1.431333310630637E8 ; 8826053.87919768 ; 1.5887615722432916E11 ; 249753.5500000038
944 ; 8993.089496032264 ; 1.4280319718387708E8 ; 8835348.541425083 ; 1.590192905553922E11 ; 250018.4000000038
945 ; 9136.158130165199 ; 1.4247382174007753E8 ; 8844341.630921114 ; 1.5916209375257608E11 ; 250283.2500000038
946 ; 8999.064453494648 ; 1.4214520298926818E8 ; 8853477.78905128 ; 1.5930456757431616E11 ; 250548.10000000382
947 ; 9209.441964036467 ; 1.4181733919305512E8 ; 8862476.853504773 ; 1.5944671277730542E11 ; 250812.95000000382
948 ; 9090.20723504866 ; 1.4149022861703807E8 ; 8871686.29546881 ; 1.5958853011649847E11 ; 251077.80000000383
949 ; 8822.340935292796 ; 1.4116386953080133E8 ; 8880776.502703859 ; 1.597300203451155E11 ; 251342.65000000384
950 ; 8984.741970525829 ; 1.4083826020790458E8 ; 8889598.843639152 ; 1.598711842146463E11 ; 251607.50000000384
951 ; 8844.901210719516 ; 1.4051339892587373E8 ; 8898583.585609678 ; 1.6001202247485422E11 ; 251872.35000000385
952 ; 8969.929038742575 ; 1.4018928396619186E8 ; 8907428.486820398 ; 1.601525358737801E11 ; 252137.20000000385
953 ; 8991.828928215275 ; 1.3986591361429003E8 ; 8916398.41585914 ; 1.6029272515774628E11 ; 252402.05000000386
954 ; 8912.567617487888 ; 1.395432861595384E8 ; 8925390.244787356 ; 1.6043259107136057E11 ; 252666.90000000386
955 ; 8883.53811897079 ; 1.392213998952369E8 ; 8934302.812404843 ; 1.605721343575201E11 ; 252931.75000000387
956 ; 8956.274813342967 ; 1.3890025311860654E8 ; 8943186.350523815 ; 1.6071135575741534E11 ; 253196.60000000388
957 ; 8979.298060513922 ; 1.3857984413077998E8 ; 8952142.625337157 ; 1.6085025601053394E11 ; 253461.45000000388
958 ; 8937.313305717258 ; 1.3826017123679307E8 ; 8961121.923397671 ; 1.609888358546647E11 ; 253726.3000000039
959 ; 8745.376950191958 ; 1.379412327455754E8 ; 8970059.236703388 ; 1.611270960259015E11 ; 253991.1500000039
960 ; 8804.61475897388 ; 1.3762302696994156E8 ; 8978804.61365358 ; 1.6126503725864706E11 ; 254256.0000000039
961 ; 8895.18869782447 ; 1.3730555222658235E8 ; 8987609.228412554 ; 1.61402660285617E11 ; 254520.8500000039
962 ; 9028.090792486944 ; 1.3698880683605555E8 ; 8996504.417110378 ; 1.615399658378436E11 ; 254785.7000000039
963 ; 8821.675089388815 ; 1.3667278912277737E8 ; 9005532.507902864 ; 1.6167695464467966E11 ; 255050.55000000392
964 ; 9455.236948783182 ; 1.363574974150133E8 ; 9014354.182992253 ; 1.6181362743380243E11 ; 255315.40000000392
965 ; 9216.81679240396 ; 1.360429300448695E8 ; 9023809.419941036 ; 1.6194998493121744E11 ; 255580.25000000393
966 ; 9270.492202214225 ; 1.3572908534828395E8 ; 9033026.23673344 ; 1.620860278612623E11 ; 255845.10000000393
967 ; 9184.261552483982 ; 1.3541596166501734E8 ; 9042296.728935655 ; 1.622217569466106E11 ; 256109.95000000394
968 ; 9367.243184940371 ; 1.3510355733864465E8 ; 9051480.99048814 ; 1.623571729082756E11 ; 256374.80000000395
969 ; 9214.184287002048 ; 1.3479187071654636E8 ; 9060848.23367308 ; 1.6249227646561426E11 ; 256639.65000000395
970 ; 9182.655865940043 ; 1.3448090014989945E8 ; 9070062.417960083 ; 1.626270683363308E11 ; 256904.50000000396
971 ; 9295.668420904343 ; 1.3417064399366891E8 ; 9079245.073826022 ; 1.627615492364807E11 ; 257169.35000000396
972 ; 8991.72365589991 ; 1.3386110060659896E8 ; 9088540.742246928 ; 1.628957198804744E11 ; 257434.20000000397
973 ; 9295.812583131885 ; 1.3355226835120437E8 ; 9097532.465902828 ; 1.63029580981081E11 ; 257699.05000000398
974 ; 9159.293724032383 ; 1.3324414559376177E8 ; 9106828.27848596 ; 1.631631332494322E11 ; 257963.90000000398
975 ; 9262.861252068093 ; 1.3293673070430101E8 ; 9115987.572209992 ; 1.6329637739502594E11 ; 258228.750000004
976 ; 9249.834076396315 ; 1.326300220565967E8 ; 9125250.43346206 ; 1.6342931412573026E11 ; 258493.600000004
977 ; 9019.780008790469 ; 1.3232401802815932E8 ; 9134500.267538456 ; 1.6356194414778687E11 ; 258758.450000004
978 ; 9089.080914767428 ; 1.3201871700022686E8 ; 9143520.047547247 ; 1.6369426816581503E11 ; 259023.300000004
979 ; 9057.09275710103 ; 1.3171411735775617E8 ; 9152609.128462015 ; 1.6382628688281525E11 ; 259288.150000004
980 ; 9142.42203716094 ; 1.3141021748941444E8 ; 9161666.221219115 ; 1.63958001000173E11 ; 259553.00000000402
981 ; 8951.071938646784 ; 1.3110701578757064E8 ; 9170808.643256275 ; 1.640894112176624E11 ; 259817.85000000402
982 ; 9027.55939342305 ; 1.3080451064828706E8 ; 9179759.715194922 ; 1.6422051823344998E11 ; 260082.70000000403
983 ; 9116.753203529322 ; 1.3050270047131084E8 ; 9188787.274588345 ; 1.6435132274409827E11 ; 260347.55000000403
984 ; 9131.636678504345 ; 1.3020158366006541E8 ; 9197904.027791874 ; 1.6448182544456958E11 ; 260612.40000000404
985 ; 9221.267963539074 ; 1.2990115862164211E8 ; 9207035.664470378 ; 1.6461202702822964E11 ; 260877.25000000405
986 ; 9246.193134348336 ; 1.2960142376679184E8 ; 9216256.932433918 ; 1.647419281868513E11 ; 261142.10000000405
987 ; 9026.151222480594 ; 1.2930237750991651E8 ; 9225503.125568267 ; 1.6487152961061807E11 ; 261406.95000000406
988 ; 9155.457021059749 ; 1.2900401826906072E8 ; 9234529.276790747 ; 1.65000831988128E11 ; 261671.80000000406
989 ; 9214.705797912373 ; 1.2870634446590334E8 ; 9243684.733811807 ; 1.6512983600639706E11 ; 261936.65000000407
990 ; 9179.114384225895 ; 1.2840935452574934E8 ; 9252899.43960972 ; 1.6525854235086298E11 ; 262201.5000000041
991 ; 9050.552017880445 ; 1.2811304687752117E8 ; 9262078.553993946 ; 1.6538695170538873E11 ; 262466.35000000405
992 ; 9129.427162610642 ; 1.2781741995375074E8 ; 9271129.106011827 ; 1.6551506475226627E11 ; 262731.200000004
993 ; 9108.184588743796 ; 1.2752247219057088E8 ; 9280258.533174437 ; 1.6564288217222003E11 ; 262996.050000004
994 ; 9123.883276965538 ; 1.272282020277073E8 ; 9289366.71776318 ; 1.657704046444106E11 ; 263260.900000004
995 ; 9018.177895030216 ; 1.2693460790847008E8 ; 9298490.601040145 ; 1.6589763284643832E11 ; 263525.75000000396
996 ; 9237.793435142152 ; 1.2664168827974568E8 ; 9307508.778935175 ; 1.660245674543468E11 ; 263790.60000000393
997 ; 9027.945096852945 ; 1.263494415919886E8 ; 9316746.572370317 ; 1.6615120914262656E11 ; 264055.4500000039
998 ; 9161.53123843383 ; 1.2605786629921313E8 ; 9325774.51746717 ; 1.6627755858421854E11 ; 264320.3000000039
999 ; 9135.979716551046 ; 1.2576696085898533E8 ; 9334936.048705602 ; 1.6640361645051776E11 ; 264585.15000000386
1000 ; 9122.79156640555 ; 1.2547672373241474E8 ; 9344072.028422153 ; 1.6652938341137674E11 ; 264850.00000000384
1001 ; 8958.905870381303 ; 1.2518715338414629E8 ; 9353194.819988558 ; 1.6665486013510916E11 ; 265114.8500000038
1002 ; 8965.543467686688 ; 1.2489824828235213E8 ; 9362153.72585894 ; 1.6678004728849332E11 ; 265379.7000000038
1003 ; 9000.224365697632 ; 1.2461000689872362E8 ; 9371119.269326627 ; 1.6690494553677567E11 ; 265644.5500000038
1004 ; 9081.974932117215 ; 1.2432242770846315E8 ; 9380119.493692325 ; 1.6702955554367438E11 ; 265909.40000000375
1005 ; 9082.778546890237 ; 1.2403550919027618E8 ; 9389201.468624443 ; 1.6715387797138284E11 ; 266174.2500000037
1006 ; 8899.138508966329 ; 1.2374924982636304E8 ; 9398284.247171333 ; 1.6727791348057312E11 ; 266439.1000000037
1007 ; 8989.2693274855 ; 1.2346364810241102E8 ; 9407183.3856803 ; 1.6740166273039948E11 ; 266703.9500000037
1008 ; 8956.208466467036 ; 1.2317870250758633E8 ; 9416172.655007785 ; 1.675251263785019E11 ; 266968.80000000366
1009 ; 8960.360969762532 ; 1.2289441153452618E8 ; 9425128.863474252 ; 1.676483050810095E11 ; 267233.65000000363
1010 ; 9045.106258376665 ; 1.2261077367933057E8 ; 9434089.224444015 ; 1.67771199492544E11 ; 267498.5000000036
1011 ; 8819.799510673798 ; 1.2232778744155464E8 ; 9443134.330702392 ; 1.6789381026622333E11 ; 267763.3500000036
1012 ; 9147.11837430147 ; 1.2204545132420053E8 ; 9451954.130213067 ; 1.680161380536649E11 ; 268028.20000000356
1013 ; 9208.528229545345 ; 1.2176376383370948E8 ; 9461101.248587368 ; 1.6813818350498907E11 ; 268293.05000000354
1014 ; 8929.49844162355 ; 1.2148272347995402E8 ; 9470309.776816914 ; 1.6825994726882278E11 ; 268557.9000000035
1015 ; 8859.317303605989 ; 1.2120232877623008E8 ; 9479239.275258537 ; 1.6838142999230273E11 ; 268822.7500000035
1016 ; 8943.876089075835 ; 1.2092257823924896E8 ; 9488098.592562143 ; 1.6850263232107898E11 ; 269087.60000000347
1017 ; 8848.15865757859 ; 1.2064347038912968E8 ; 9497042.468651218 ; 1.6862355489931824E11 ; 269352.45000000345
1018 ; 9030.409506191912 ; 1.2036500374939106E8 ; 9505890.627308797 ; 1.6874419836970737E11 ; 269617.3000000034
1019 ; 8758.365485617616 ; 1.2008717684694396E8 ; 9514921.03681499 ; 1.6886456337345676E11 ; 269882.1500000034
1020 ; 8918.063652902309 ; 1.198099882120834E8 ; 9523679.402300607 ; 1.689846505503037E11 ; 270147.0000000034
1021 ; 9012.99708475117 ; 1.1953343637848084E8 ; 9532597.46595351 ; 1.691044605385158E11 ; 270411.85000000335
1022 ; 8886.237330374715 ; 1.1925751988317643E8 ; 9541610.463038262 ; 1.692239939748943E11 ; 270676.70000000333
1023 ; 8697.152523062274 ; 1.189822372665713E8 ; 9550496.700368637 ; 1.6934325149477747E11 ; 270941.5500000033
1024 ; 8948.911593232451 ; 1.1870758707241973E8 ; 9559193.8528917 ; 1.6946223373204404E11 ; 271206.4000000033
1025 ; 8877.07538170478 ; 1.1843356784782158E8 ; 9568142.764484933 ; 1.6958094131911646E11 ; 271471.25000000326
1026 ; 8738.775989577001 ; 1.1816017814321451E8 ; 9577019.839866638 ; 1.6969937488696426E11 ; 271736.10000000324
1027 ; 8650.01173743931 ; 1.1788741651236632E8 ; 9585758.615856215 ; 1.6981753506510748E11 ; 272000.9500000032
1028 ; 8868.119967392187 ; 1.1761528151236738E8 ; 9594408.627593655 ; 1.6993542248161984E11 ; 272265.8000000032
1029 ; 8837.812224294381 ; 1.1734377170362289E8 ; 9603276.747561047 ; 1.700530377631322E11 ; 272530.65000000317
1030 ; 8793.205884480485 ; 1.1707288564984532E8 ; 9612114.559785342 ; 1.7017038153483582E11 ; 272795.50000000314
1031 ; 8659.078060472924 ; 1.1680262191804682E8 ; 9620907.765669823 ; 1.7028745442048566E11 ; 273060.3500000031
1032 ; 8788.24560672807 ; 1.1653297907853162E8 ; 9629566.843730295 ; 1.7040425704240372E11 ; 273325.2000000031
1033 ; 8565.384682866566 ; 1.1626395570488848E8 ; 9638355.089337023 ; 1.7052079002148224E11 ; 273590.0500000031
1034 ; 8683.10600314841 ; 1.1599555037398311E8 ; 9646920.474019889 ; 1.7063705397718713E11 ; 273854.90000000305
1035 ; 8777.392359306647 ; 1.1572776166595069E8 ; 9655603.580023037 ; 1.7075304952756113E11 ; 274119.750000003
1036 ; 8718.21996404044 ; 1.1546058816418834E8 ; 9664380.972382344 ; 1.7086877728922708E11 ; 274384.600000003
1037 ; 8817.047647538697 ; 1.151940284553476E8 ; 9673099.192346385 ; 1.7098423787739127E11 ; 274649.450000003
1038 ; 8630.409918722311 ; 1.14928081129327E8 ; 9681916.239993924 ; 1.7109943190584662E11 ; 274914.30000000296
1039 ; 8777.162047932694 ; 1.1466274477926452E8 ; 9690546.649912646 ; 1.7121435998697595E11 ; 275179.15000000293
1040 ; 8748.173758259465 ; 1.1439801800153033E8 ; 9699323.811960578 ; 1.7132902273175522E11 ; 275444.0000000029
1041 ; 8680.357667300013 ; 1.141338993957191E8 ; 9708071.985718837 ; 1.7144342074975674E11 ; 275708.8500000029
1042 ; 8713.23402618374 ; 1.1387038756464279E8 ; 9716752.343386138 ; 1.7155755464915247E11 ; 275973.70000000286
1043 ; 8747.69241809357 ; 1.1360748111432323E8 ; 9725465.577412322 ; 1.716714250367171E11 ; 276238.55000000284
1044 ; 8613.16929186707 ; 1.1334517865398467E8 ; 9734213.269830415 ; 1.7178503251783142E11 ; 276503.4000000028
1045 ; 8743.182907913271 ; 1.1308347879604647E8 ; 9742826.439122282 ; 1.718983776964854E11 ; 276768.2500000028
1046 ; 8812.788451638653 ; 1.1282238015611577E8 ; 9751569.622030195 ; 1.7201146117528146E11 ; 277033.10000000277
1047 ; 8616.357052010786 ; 1.125618813529802E8 ; 9760382.410481833 ; 1.721242835554376E11 ; 277297.95000000275
1048 ; 8695.262217346939 ; 1.1230198100860043E8 ; 9768998.767533844 ; 1.7223684543679056E11 ; 277562.8000000027
1049 ; 8593.172132862659 ; 1.1204267774810307E8 ; 9777694.02975119 ; 1.7234914741779916E11 ; 277827.6500000027
1050 ; 8433.724374731122 ; 1.1178397019977322E8 ; 9786287.201884054 ; 1.7246119009554727E11 ; 278092.5000000027
1051 ; 8649.62106626796 ; 1.1152585699504742E8 ; 9794720.926258786 ; 1.7257297406574704E11 ; 278357.35000000265
1052 ; 8454.743185033389 ; 1.1126833676850615E8 ; 9803370.547325054 ; 1.726844999227421E11 ; 278622.20000000263
1053 ; 8685.134261018864 ; 1.1101140815786684E8 ; 9811825.290510088 ; 1.727957682595106E11 ; 278887.0500000026
1054 ; 8605.53316842501 ; 1.1075506980397652E8 ; 9820510.424771108 ; 1.7290677966766846E11 ; 279151.9000000026
1055 ; 8545.777307624361 ; 1.1049932035080473E8 ; 9829115.957939534 ; 1.7301753473747244E11 ; 279416.75000000256
1056 ; 8710.677865125244 ; 1.1024415844543625E8 ; 9837661.735247158 ; 1.7312803405782324E11 ; 279681.60000000254
1057 ; 8625.92960229128 ; 1.0998958273806399E8 ; 9846372.413112283 ; 1.7323827821626868E11 ; 279946.4500000025
1058 ; 8524.438965010022 ; 1.0973559188198191E8 ; 9854998.342714574 ; 1.7334826779900674E11 ; 280211.3000000025
1059 ; 8595.708576177973 ; 1.0948218453357774E8 ; 9863522.781679584 ; 1.7345800339088873E11 ; 280476.15000000247
1060 ; 8456.032752563671 ; 1.0922935935232602E8 ; 9872118.490255762 ; 1.735674855754223E11 ; 280741.00000000244
1061 ; 8651.383425515558 ; 1.08977115000781E8 ; 9880574.523008326 ; 1.7367671493477463E11 ; 281005.8500000024
1062 ; 8544.225190969488 ; 1.0872545014456943E8 ; 9889225.906433841 ; 1.7378569204977542E11 ; 281270.7000000024
1063 ; 8488.048179474426 ; 1.0847436345238362E8 ; 9897770.13162481 ; 1.7389441749991998E11 ; 281535.5500000024
1064 ; 8434.469951026234 ; 1.0822385359597442E8 ; 9906258.179804284 ; 1.7400289186337238E11 ; 281800.40000000235
1065 ; 8475.352314901354 ; 1.0797391925014411E8 ; 9914692.64975531 ; 1.7411111571696835E11 ; 282065.2500000023
1066 ; 8743.779940131091 ; 1.0772455909273937E8 ; 9923168.00207021 ; 1.742190896362185E11 ; 282330.1000000023
1067 ; 8425.168315890072 ; 1.0747577180464444E8 ; 9931911.782010341 ; 1.7432681419531125E11 ; 282594.9500000023
1068 ; 8560.32253721092 ; 1.0722755606977394E8 ; 9940336.95032623 ; 1.744342899671159E11 ; 282859.80000000226
1069 ; 8487.904720861614 ; 1.0697991057506607E8 ; 9948897.272863442 ; 1.7454151752318567E11 ; 283124.65000000224
1070 ; 8451.332767340977 ; 1.0673283401047562E8 ; 9957385.177584304 ; 1.7464849743376074E11 ; 283389.5000000022
1071 ; 8562.453565792917 ; 1.0648632506896694E8 ; 9965836.510351645 ; 1.747552302677712E11 ; 283654.3500000022
1072 ; 8468.363073752582 ; 1.0624038244650717E8 ; 9974398.963917438 ; 1.7486171659284018E11 ; 283919.20000000217
1073 ; 8443.36801413289 ; 1.0599500484205925E8 ; 9982867.326991191 ; 1.7496795697528668E11 ; 284184.05000000214
1074 ; 8474.09927629833 ; 1.0575019095757511E8 ; 9991310.695005324 ; 1.7507395198012875E11 ; 284448.9000000021
1075 ; 8421.993211171335 ; 1.0550593949798873E8 ; 9999784.794281622 ; 1.7517970217108633E11 ; 284713.7500000021
1076 ; 8585.89478118761 ; 1.0526224917120929E8 ; 1.0008206787492793E7 ; 1.7528520811058432E11 ; 284978.6000000021
1077 ; 8434.690322278213 ; 1.0501911868811442E8 ; 1.001679268227398E7 ; 1.7539047035975552E11 ; 285243.45000000205
1078 ; 8405.991566524455 ; 1.0477654676254326E8 ; 1.0025227372596258E7 ; 1.7549548947844363E11 ; 285508.300000002
1079 ; 8638.895670298733 ; 1.045345321112898E8 ; 1.0033633364162782E7 ; 1.7560026602520618E11 ; 285773.150000002
1080 ; 8357.83996715826 ; 1.04293073454096E8 ; 1.004227225983308E7 ; 1.7570480055731747E11 ; 286038.000000002
1081 ; 8623.878705083327 ; 1.044473944417503E8 ; 1.0050630099800238E7 ; 1.7580909363077158E11 ; 286302.85000000196
1082 ; 8589.12726772156 ; 1.0491035740471326E8 ; 1.005925397850532E7 ; 1.7591354102521332E11 ; 286567.70000000193
1083 ; 8502.485974799449 ; 1.0568196234298487E8 ; 1.0067843105773043E7 ; 1.7601845138261804E11 ; 286832.5500000019
1084 ; 8434.31725574017 ; 1.0676220925656511E8 ; 1.0076345591747843E7 ; 1.7612413334496103E11 ; 287097.4000000019
1085 ; 8475.486484832378 ; 1.08151098145454E8 ; 1.0084779909003584E7 ; 1.762308955542176E11 ; 287362.25000000186
1086 ; 8547.527893530218 ; 1.0984862900965153E8 ; 1.0093255395488417E7 ; 1.7633904665236304E11 ; 287627.10000000184
1087 ; 8577.443156759919 ; 1.118548018491577E8 ; 1.0101802923381947E7 ; 1.7644889528137268E11 ; 287891.9500000018
1088 ; 8546.640187870009 ; 1.1416961666397251E8 ; 1.0110380366538707E7 ; 1.7656075008322183E11 ; 288156.8000000018
1089 ; 8282.680505355198 ; 1.1679307345409597E8 ; 1.0118927006726578E7 ; 1.766749196998858E11 ; 288421.65000000177
1090 ; 8562.028532867935 ; 1.197251722195281E8 ; 1.0127209687231934E7 ; 1.767917127733399E11 ; 288686.50000000175
1091 ; 8629.105579583984 ; 1.2296591296026884E8 ; 1.0135771715764802E7 ; 1.7691143794555942E11 ; 288951.3500000017
1092 ; 8629.419582433715 ; 1.2651529567631821E8 ; 1.0144400821344387E7 ; 1.7703440385851968E11 ; 289216.2000000017
1093 ; 8930.54863899131 ; 1.3037332036767621E8 ; 1.015303024092682E7 ; 1.77160919154196E11 ; 289481.0500000017
1094 ; 8962.847413374391 ; 1.345399870343429E8 ; 1.0161960789565813E7 ; 1.772912924745637E11 ; 289745.90000000165
1095 ; 8971.214883692253 ; 1.390152956763182E8 ; 1.0170923636979187E7 ; 1.7742583246159802E11 ; 290010.75000000163
1096 ; 9166.243964209265 ; 1.4379924629360217E8 ; 1.017989485186288E7 ; 1.7756484775727435E11 ; 290275.6000000016
1097 ; 9187.641614662052 ; 1.4889183888619477E8 ; 1.018906109582709E7 ; 1.7770864700356796E11 ; 290540.4500000016
1098 ; 9135.296840689998 ; 1.54293073454096E8 ; 1.0198248737441752E7 ; 1.7785753884245416E11 ; 290805.30000000156
1099 ; 9080.56537287825 ; 1.6000294999730587E8 ; 1.0207384034282442E7 ; 1.7801183191590826E11 ; 291070.15000000154
1100 ; 9044.377581031844 ; 1.6602146851582438E8 ; 1.021646459965532E7 ; 1.7817183486590558E11 ; 291335.0000000015
1101 ; 9068.531536303371 ; 1.7234862900965154E8 ; 1.0225508977236353E7 ; 1.7833785633442142E11 ; 291599.8500000015
1102 ; 8940.794207433371 ; 1.7898443147878733E8 ; 1.0234577508772656E7 ; 1.7851020496343106E11 ; 291864.70000000147
1103 ; 9458.292072370314 ; 1.859288759232318E8 ; 1.024351830298009E7 ; 1.7868918939490985E11 ; 292129.55000000144
1104 ; 9475.79231327699 ; 1.9318196234298488E8 ; 1.025297659505246E7 ; 1.7887511827083307E11 ; 292394.4000000014
1105 ; 9815.05456787024 ; 1.9943173163623008E8 ; 1.0262452387365738E7 ; 1.7906830023317606E11 ; 292659.2500000014
1106 ; 9638.082644686569 ; 1.9934288833035517E8 ; 1.0272267441933608E7 ; 1.792677319648123E11 ; 292924.1000000014
1107 ; 9642.528028149904 ; 1.9934160554144374E8 ; 1.0281905524578294E7 ; 1.7946707485314264E11 ; 293188.95000000135
1108 ; 9680.747399128446 ; 1.9934064438809466E8 ; 1.0291548052606443E7 ; 1.7966641645868408E11 ; 293453.8000000013
1109 ; 9855.397416421623 ; 1.9933968052531177E8 ; 1.0301228800005572E7 ; 1.7986575710307217E11 ; 293718.6500000013
1110 ; 9682.951987830622 ; 1.99338713953095E8 ; 1.0311084197421994E7 ; 1.8006509678359747E11 ; 293983.5000000013
1111 ; 9538.933082000365 ; 1.993377446714444E8 ; 1.0320767149409825E7 ; 1.8026443549755057E11 ; 294248.35000000126
1112 ; 9668.729967315492 ; 1.9933677268035993E8 ; 1.0330306082491826E7 ; 1.8046377324222202E11 ; 294513.20000000123
1113 ; 9588.381413701314 ; 1.9933579797984165E8 ; 1.0339974812459141E7 ; 1.8066311001490237E11 ; 294778.0500000012
1114 ; 9632.59595084902 ; 1.9933482056988952E8 ; 1.0349563193872843E7 ; 1.808624458128822E11 ; 295042.9000000012
1115 ; 9677.31818193472 ; 1.9933384045050353E8 ; 1.0359195789823692E7 ; 1.810617806334521E11 ; 295307.75000000116
1116 ; 9762.42944612987 ; 1.9933285762168372E8 ; 1.0368873108005626E7 ; 1.812611144739026E11 ; 295572.60000000114
1117 ; 9677.570198287016 ; 1.9933187208343005E8 ; 1.0378635537451755E7 ; 1.8146044733152426E11 ; 295837.4500000011
1118 ; 9747.50297824345 ; 1.9933088383574253E8 ; 1.0388313107650042E7 ; 1.816597792036077E11 ; 296102.3000000011
1119 ; 9705.745438791397 ; 1.993298928786212E8 ; 1.0398060610628285E7 ; 1.8185911008744345E11 ; 296367.1500000011
1120 ; 9475.962147912665 ; 1.99328899212066E8 ; 1.0407766356067076E7 ; 1.8205843998032208E11 ; 296632.00000000105
1121 ; 9585.737204577674 ; 1.9932790283607695E8 ; 1.0417242318214988E7 ; 1.8225776887953415E11 ; 296896.850000001
1122 ; 9616.646227453888 ; 1.9932690375065404E8 ; 1.0426828055419566E7 ; 1.8245709678237024E11 ; 297161.700000001
1123 ; 9764.223849536056 ; 1.993259019557973E8 ; 1.043644470164702E7 ; 1.8265642368612088E11 ; 297426.550000001
1124 ; 9444.217356341831 ; 1.9932489745150676E8 ; 1.0446208925496558E7 ; 1.828557495880767E11 ; 297691.40000000095
1125 ; 9678.470632339448 ; 1.9932389023778233E8 ; 1.0455653142852899E7 ; 1.830550744855282E11 ; 297956.25000000093
1126 ; 9883.440770914553 ; 1.9932288031462407E8 ; 1.0465331613485238E7 ; 1.83254398375766E11 ; 298221.1000000009
1127 ; 9637.794126379456 ; 1.9932186768203196E8 ; 1.0475215054256152E7 ; 1.8345372125608063E11 ; 298485.9500000009
1128 ; 9518.224066405295 ; 1.9932085234000602E8 ; 1.0484852848382533E7 ; 1.8365304312376266E11 ; 298750.80000000086
1129 ; 9600.244521412318 ; 1.9931983428854623E8 ; 1.0494371072448937E7 ; 1.8385236397610266E11 ; 299015.65000000084
1130 ; 9693.139371966645 ; 1.993188135276526E8 ; 1.050397131697035E7 ; 1.840516838103912E11 ; 299280.5000000008
1131 ; 9540.77601293288 ; 1.9931779005732512E8 ; 1.0513664456342317E7 ; 1.8425100262391885E11 ; 299545.3500000008
1132 ; 9741.070458604156 ; 1.993167638775638E8 ; 1.052320523235525E7 ; 1.8445032041397617E11 ; 299810.20000000077
1133 ; 9653.865913302123 ; 1.9931573498836863E8 ; 1.0532946302813854E7 ; 1.8464963717785373E11 ; 300075.05000000075
1134 ; 9338.185485015489 ; 1.9931470338973963E8 ; 1.0542600168727156E7 ; 1.848489529128421E11 ; 300339.9000000007
1135 ; 9448.25866423547 ; 1.9931366908167675E8 ; 1.055193835421217E7 ; 1.8504826761623184E11 ; 300604.7500000007
1136 ; 9439.864859352607 ; 1.9931263206418008E8 ; 1.0561386612876406E7 ; 1.852475812853135E11 ; 300869.6000000007
1137 ; 9534.887474689218 ; 1.9931159233724952E8 ; 1.0570826477735758E7 ; 1.854468939173777E11 ; 301134.45000000065
1138 ; 9607.813407806543 ; 1.9931054990088513E8 ; 1.0580361365210447E7 ; 1.8564620550971494E11 ; 301399.3000000006
1139 ; 9728.771879734628 ; 1.993095047550869E8 ; 1.0589969178618254E7 ; 1.858455160596158E11 ; 301664.1500000006
1140 ; 11156.933485481408 ; 1.9930845689985484E8 ; 1.0599697950497989E7 ; 1.860448255643709E11 ; 301929.0000000006
1141 ; 11070.68511777052 ; 1.9930740633518893E8 ; 1.061085488398347E7 ; 1.8624413402127075E11 ; 302193.85000000056
1142 ; 11263.835271885553 ; 1.9930635306108916E8 ; 1.062192556910124E7 ; 1.8644344142760593E11 ; 302458.70000000054
1143 ; 11017.423940935823 ; 1.9930529707755557E8 ; 1.0633189404373126E7 ; 1.8664274778066702E11 ; 302723.5500000005
1144 ; 11178.160756182164 ; 1.9930423838458812E8 ; 1.0644206828314062E7 ; 1.8684205307774457E11 ; 302988.4000000005
1145 ; 11208.26417897158 ; 1.9930317698218682E8 ; 1.0655384989070244E7 ; 1.8704135731612915E11 ; 303253.25000000047
1146 ; 11284.525386228026 ; 1.9930211287035167E8 ; 1.0666593253249215E7 ; 1.8724066049311133E11 ; 303518.10000000044
1147 ; 11431.146007957643 ; 1.993010460490827E8 ; 1.0677877778635442E7 ; 1.874399626059817E11 ; 303782.9500000004
1148 ; 11648.746790553087 ; 1.992999765183799E8 ; 1.06893089246434E7 ; 1.8763926365203076E11 ; 304047.8000000004
1149 ; 11705.481319298611 ; 1.992989042782432E8 ; 1.0700957671433952E7 ; 1.8783856362854913E11 ; 304312.6500000004
1150 ; 11780.503843064545 ; 1.992978293286727E8 ; 1.071266315275325E7 ; 1.8803786253282736E11 ; 304577.50000000035
1151 ; 11696.2544588545 ; 1.9929675166966835E8 ; 1.0724443656596316E7 ; 1.8823716036215604E11 ; 304842.3500000003
1152 ; 11753.011497779062 ; 1.9929567130123016E8 ; 1.073613991105517E7 ; 1.884364571138257E11 ; 305107.2000000003
1153 ; 11624.32324205739 ; 1.9929458822335812E8 ; 1.0747892922552949E7 ; 1.8863575278512695E11 ; 305372.0500000003
1154 ; 11642.277547205984 ; 1.9929350243605223E8 ; 1.0759517245795006E7 ; 1.888350473733503E11 ; 305636.90000000026
1155 ; 11827.254003959708 ; 1.9929241393931252E8 ; 1.0771159523342213E7 ; 1.8903434087578638E11 ; 305901.75000000023
1156 ; 11578.214110499432 ; 1.9929132273313895E8 ; 1.0782986777346171E7 ; 1.8923363328972568E11 ; 306166.6000000002
1157 ; 11804.121880322478 ; 1.9929022881753153E8 ; 1.079456499145667E7 ; 1.894329246124588E11 ; 306431.4500000002
1158 ; 11664.420377746903 ; 1.9928913219249025E8 ; 1.0806369113336993E7 ; 1.8963221484127634E11 ; 306696.30000000016
1159 ; 11700.016893005308 ; 1.9928803285801515E8 ; 1.081803353371474E7 ; 1.8983150397346884E11 ; 306961.15000000014
1160 ; 11818.700211314355 ; 1.992869308141062E8 ; 1.0829733550607745E7 ; 1.9003079200632684E11 ; 307226.0000000001
1161 ; 11611.072813420824 ; 1.9928582606076342E8 ; 1.084155225081906E7 ; 1.9023007893714096E11 ; 307490.8500000001
1162 ; 11801.917628387 ; 1.992847185979868E8 ; 1.085316332363248E7 ; 1.9042936476320172E11 ; 307755.70000000007
1163 ; 11809.78996652457 ; 1.992836084257763E8 ; 1.0864965241260868E7 ; 1.906286494817997E11 ; 308020.55000000005
1164 ; 11631.666188829397 ; 1.99282495544132E8 ; 1.0876775031227391E7 ; 1.908279330902255E11 ; 308285.4
1165 ; 11766.329050079297 ; 1.9928137995305383E8 ; 1.088840669741622E7 ; 1.9102721558576962E11 ; 308550.25
1166 ; 11681.004624139168 ; 1.9928026165254182E8 ; 1.0900173026466299E7 ; 1.912264969657227E11 ; 308815.1
1167 ; 11783.613638730209 ; 1.9927923163623008E8 ; 1.0911854031090438E7 ; 1.914257772273752E11 ; 309079.94999999995
1168 ; 11656.905585656963 ; 1.9927923163623008E8 ; 1.092363764472917E7 ; 1.9162505645901144E11 ; 309344.79999999993
1169 ; 11589.104959575256 ; 1.9927923163623008E8 ; 1.0935294550314827E7 ; 1.9182433569064767E11 ; 309609.6499999999
1170 ; 11682.241330796407 ; 1.9927923163623008E8 ; 1.0946883655274402E7 ; 1.920236149222839E11 ; 309874.4999999999
1171 ; 11682.503850093204 ; 1.9927923163623008E8 ; 1.09585658966052E7 ; 1.9222289415392014E11 ; 310139.34999999986
1172 ; 11977.61433545147 ; 1.9927923163623008E8 ; 1.0970248400455292E7 ; 1.9242217338555637E11 ; 310404.19999999984
1173 ; 11717.098076496917 ; 1.9927923163623008E8 ; 1.0982226014790744E7 ; 1.926214526171926E11 ; 310669.0499999998
1174 ; 11571.604432522176 ; 1.9927923163623008E8 ; 1.099394311286724E7 ; 1.9282073184882883E11 ; 310933.8999999998
1175 ; 11751.07955485408 ; 1.9927923163623008E8 ; 1.1005514717299761E7 ; 1.9302001108046506E11 ; 311198.74999999977
1176 ; 11741.0972197529 ; 1.9927923163623008E8 ; 1.1017265796854615E7 ; 1.932192903121013E11 ; 311463.59999999974
1177 ; 11571.7699311131 ; 1.9927923163623008E8 ; 1.1029006894074367E7 ; 1.9341856954373752E11 ; 311728.4499999997
1178 ; 11770.759228539211 ; 1.9927923163623008E8 ; 1.104057866400548E7 ; 1.9361784877537375E11 ; 311993.2999999997
1179 ; 11533.29331254462 ; 1.9927923163623008E8 ; 1.105234942323402E7 ; 1.9381712800700998E11 ; 312258.1499999997
1180 ; 11834.4719648225 ; 1.9927923163623008E8 ; 1.1063882716546563E7 ; 1.940164072386462E11 ; 312522.99999999965
1181 ; 11729.769622507605 ; 1.9927923163623008E8 ; 1.1075717188511387E7 ; 1.9421568647028244E11 ; 312787.8499999996
1182 ; 11657.347909774378 ; 1.9927923163623008E8 ; 1.1087446958133895E7 ; 1.9441496570191867E11 ; 313052.6999999996
1183 ; 11668.970356257705 ; 1.9927923163623008E8 ; 1.109910430604367E7 ; 1.946142449335549E11 ; 313317.5499999996
1184 ; 11682.272781587708 ; 1.9927923163623008E8 ; 1.1110773276399927E7 ; 1.9481352416519113E11 ; 313582.39999999956
1185 ; 11704.789277097154 ; 1.9927923163623008E8 ; 1.1122455549181515E7 ; 1.9501280339682736E11 ; 313847.24999999953
1186 ; 11828.402176247648 ; 1.9927923163623008E8 ; 1.1134160338458613E7 ; 1.952120826284636E11 ; 314112.0999999995
1187 ; 11659.46982176084 ; 1.9927923163623008E8 ; 1.114598874063486E7 ; 1.9541136186009982E11 ; 314376.9499999995
1188 ; 11724.635388529978 ; 1.9927923163623008E8 ; 1.115764821045662E7 ; 1.9561064109173605E11 ; 314641.79999999946
1189 ; 11831.280844937257 ; 1.9927923163623008E8 ; 1.1169372845845152E7 ; 1.9580992032337228E11 ; 314906.64999999944
1190 ; 12002.488437045664 ; 1.9927923163623008E8 ; 1.118120412669009E7 ; 1.960091995550085E11 ; 315171.4999999994
1191 ; 12062.698359569902 ; 1.9927923163623008E8 ; 1.1193206615127135E7 ; 1.9620847878664474E11 ; 315436.3499999994
1192 ; 12232.136271071775 ; 1.9927923163623008E8 ; 1.1205269313486705E7 ; 1.9640775801828098E11 ; 315701.1999999994
1193 ; 12204.51730173713 ; 1.9927923163623008E8 ; 1.1217501449757777E7 ; 1.966070372499172E11 ; 315966.04999999935
1194 ; 12269.340261279287 ; 1.9927923163623008E8 ; 1.1229705967059514E7 ; 1.9680631648155344E11 ; 316230.8999999993
1195 ; 12222.764539473208 ; 1.9927923163623008E8 ; 1.1241975307320792E7 ; 1.9700559571318967E11 ; 316495.7499999993
1196 ; 12356.912857477293 ; 1.9927923163623008E8 ; 1.1254198071860265E7 ; 1.972048749448259E11 ; 316760.5999999993
1197 ; 12282.796347908818 ; 1.9927923163623008E8 ; 1.1266554984717742E7 ; 1.9740415417646213E11 ; 317025.44999999925
1198 ; 12366.916377399644 ; 1.9927923163623008E8 ; 1.127883778106565E7 ; 1.9760343340809836E11 ; 317290.29999999923
1199 ; 12432.791306117791 ; 1.9927923163623008E8 ; 1.129120469744305E7 ; 1.978027126397346E11 ; 317555.1499999992
1200 ; 12597.155946886598 ; 1.9927923163623008E8 ; 1.1303637488749167E7 ; 1.9800199187137082E11 ; 317819.9999999992
1201 ; 12837.323128051648 ; 1.9927923163623008E8 ; 1.1316234644696053E7 ; 1.9820127110300705E11 ; 318084.84999999916
1202 ; 12945.014667275169 ; 1.9927923163623008E8 ; 1.1329071967824105E7 ; 1.9840055033464328E11 ; 318349.69999999914
1203 ; 13190.782344013363 ; 1.9927923163623008E8 ; 1.134201698249138E7 ; 1.985998295662795E11 ; 318614.5499999991
1204 ; 13224.266007595332 ; 1.9927923163623008E8 ; 1.1355207764835393E7 ; 1.9879910879791574E11 ; 318879.3999999991
1205 ; 13183.123009666459 ; 1.9927923163623008E8 ; 1.1368432030842988E7 ; 1.9899838802955197E11 ; 319144.24999999907
1206 ; 13098.228240603252 ; 1.9927923163623008E8 ; 1.1381615153852655E7 ; 1.991976672611882E11 ; 319409.09999999905
1207 ; 13266.884583681267 ; 1.9927923163623008E8 ; 1.1394713382093258E7 ; 1.9939694649282443E11 ; 319673.949999999
1208 ; 13248.936538027316 ; 1.9927923163623008E8 ; 1.140798026667694E7 ; 1.9959622572446066E11 ; 319938.799999999
1209 ; 13193.247406727738 ; 1.9927923163623008E8 ; 1.1421229203214968E7 ; 1.997955049560969E11 ; 320203.649999999
1210 ; 13119.782166137831 ; 1.9927923163623008E8 ; 1.1434422450621696E7 ; 1.9999478418773312E11 ; 320468.49999999895
1211 ; 13191.130140841946 ; 1.9927923163623008E8 ; 1.1447542232787834E7 ; 2.0019406341936935E11 ; 320733.3499999989
1212 ; 13263.066089495813 ; 1.9927923163623008E8 ; 1.1460733362928677E7 ; 2.0039334265100558E11 ; 320998.1999999989
1213 ; 13325.294916771158 ; 1.9927923163623008E8 ; 1.1473996429018173E7 ; 2.005926218826418E11 ; 321263.0499999989
1214 ; 13348.009334719118 ; 1.9927923163623008E8 ; 1.1487321723934945E7 ; 2.0079190111427805E11 ; 321527.89999999886
1215 ; 13258.380685707256 ; 1.9927923163623008E8 ; 1.1500669733269664E7 ; 2.0099118034591428E11 ; 321792.74999999884
1216 ; 13019.597488494152 ; 1.9927923163623008E8 ; 1.1513928113955371E7 ; 2.011904595775505E11 ; 322057.5999999988
1217 ; 13163.473522145518 ; 1.9927923163623008E8 ; 1.1526947711443866E7 ; 2.0138973880918674E11 ; 322322.4499999988
1218 ; 13314.618239945466 ; 1.9927923163623008E8 ; 1.1540111184966011E7 ; 2.0158901804082297E11 ; 322587.29999999877
1219 ; 13245.355772785115 ; 1.9927923163623008E8 ; 1.1553425803205956E7 ; 2.017882972724592E11 ; 322852.14999999874
1220 ; 13290.31957026052 ; 1.9927923163623008E8 ; 1.1566671158978742E7 ; 2.0198757650409543E11 ; 323116.9999999987
1221 ; 13193.870853310407 ; 1.9927923163623008E8 ; 1.1579961478549002E7 ; 2.0218685573573166E11 ; 323381.8499999987
1222 ; 13303.133880028332 ; 1.9927923163623008E8 ; 1.1593155349402312E7 ; 2.023861349673679E11 ; 323646.6999999987
1223 ; 13242.331948178908 ; 1.9927923163623008E8 ; 1.160645848328234E7 ; 2.0258541419900412E11 ; 323911.54999999865
1224 ; 13179.844859752942 ; 1.9927923163623008E8 ; 1.161970081523052E7 ; 2.0278469343064035E11 ; 324176.3999999986
1225 ; 13079.052327694475 ; 1.9927923163623008E8 ; 1.1632880660090273E7 ; 2.0298397266227658E11 ; 324441.2499999986
1226 ; 13010.46608236911 ; 1.9927923163623008E8 ; 1.1645959712417968E7 ; 2.031832518939128E11 ; 324706.0999999986
1227 ; 13134.401734449459 ; 1.9927923163623008E8 ; 1.1658970178500338E7 ; 2.0338253112554904E11 ; 324970.94999999856
1228 ; 13124.495478015 ; 1.9927923163623008E8 ; 1.1672104580234786E7 ; 2.0358181035718527E11 ; 325235.79999999853
1229 ; 13142.05055570742 ; 1.9927923163623008E8 ; 1.1685229075712802E7 ; 2.037810895888215E11 ; 325500.6499999985
1230 ; 13154.98420123825 ; 1.9927923163623008E8 ; 1.169837112626851E7 ; 2.0398036882045773E11 ; 325765.4999999985
1231 ; 13026.767124338669 ; 1.9927923163623008E8 ; 1.1711526110469747E7 ; 2.0417964805209396E11 ; 326030.34999999846
1232 ; 13162.345611896379 ; 1.9927923163623008E8 ; 1.1724552877594085E7 ; 2.043789272837302E11 ; 326295.19999999844
1233 ; 13223.810734438235 ; 1.9927923163623008E8 ; 1.1737715223205982E7 ; 2.0457820651536642E11 ; 326560.0499999984
1234 ; 13271.09196821219 ; 1.9927923163623008E8 ; 1.175093903394042E7 ; 2.0477748574700266E11 ; 326824.8999999984
1235 ; 13220.469124568594 ; 1.9927923163623008E8 ; 1.1764210125908632E7 ; 2.049767649786389E11 ; 327089.74999999837
1236 ; 13216.49207953464 ; 1.9927923163623008E8 ; 1.17774305950332E7 ; 2.0517604421027512E11 ; 327354.59999999835
1237 ; 13037.69338850719 ; 1.9927923163623008E8 ; 1.1790647087112736E7 ; 2.0537532344191135E11 ; 327619.4499999983
1238 ; 12959.096581374806 ; 1.9927923163623008E8 ; 1.1803684780501243E7 ; 2.0557460267354758E11 ; 327884.2999999983
1239 ; 13056.334407445516 ; 1.9927923163623008E8 ; 1.1816643877082618E7 ; 2.057738819051838E11 ; 328149.1499999983
1240 ; 13066.597590363097 ; 1.9927923163623008E8 ; 1.1829700211490063E7 ; 2.0597316113682004E11 ; 328413.99999999825
1241 ; 13110.565716987969 ; 1.9927923163623008E8 ; 1.1842766809080426E7 ; 2.0617244036845627E11 ; 328678.84999999823
1242 ; 13131.793622268044 ; 1.9927923163623008E8 ; 1.1855877374797413E7 ; 2.063717196000925E11 ; 328943.6999999982
1243 ; 12994.753084076228 ; 1.9927923163623008E8 ; 1.1869009168419681E7 ; 2.0657099883172873E11 ; 329208.5499999982
1244 ; 13230.087883683964 ; 1.9927923163623008E8 ; 1.1882003921503758E7 ; 2.0677027806336496E11 ; 329473.39999999816
1245 ; 12838.305827641869 ; 1.9927923163623008E8 ; 1.1895234009387443E7 ; 2.069695572950012E11 ; 329738.24999999814
1246 ; 13090.21237233687 ; 1.9927923163623008E8 ; 1.1908072315215085E7 ; 2.0716883652663742E11 ; 330003.0999999981
1247 ; 13208.591445143904 ; 1.9927923163623008E8 ; 1.1921162527587421E7 ; 2.0736811575827365E11 ; 330267.9499999981
1248 ; 12921.56442435804 ; 1.9927923163623008E8 ; 1.1934371119032566E7 ; 2.0756739498990988E11 ; 330532.79999999807
1249 ; 12887.890360163567 ; 1.9927923163623008E8 ; 1.1947292683456924E7 ; 2.077666742215461E11 ; 330797.64999999804
1250 ; 12932.139624990232 ; 1.9927923163623008E8 ; 1.1960180573817087E7 ; 2.0796595345318234E11 ; 331062.499999998
1251 ; 12872.424915800153 ; 1.9927923163623008E8 ; 1.1973112713442078E7 ; 2.0816523268481857E11 ; 331327.349999998
1252 ; 13116.76874631268 ; 1.9927923163623008E8 ; 1.1985985138357878E7 ; 2.083645119164548E11 ; 331592.199999998
1253 ; 13034.246150673385 ; 1.9927923163623008E8 ; 1.199910190710419E7 ; 2.0856379114809103E11 ; 331857.04999999795
1254 ; 12777.438815331148 ; 1.9927923163623008E8 ; 1.2012136153254865E7 ; 2.0876307037972726E11 ; 332121.8999999979
1255 ; 12809.521428751654 ; 1.9927923163623008E8 ; 1.2024913592070196E7 ; 2.089623496113635E11 ; 332386.7499999979
1256 ; 12798.804604553443 ; 1.9927923163623008E8 ; 1.2037723113498947E7 ; 2.0916162884299973E11 ; 332651.5999999979
1257 ; 12913.013858376904 ; 1.9927923163623008E8 ; 1.20505219181035E7 ; 2.0936090807463596E11 ; 332916.44999999786
1258 ; 12793.549407939727 ; 1.9927923163623008E8 ; 1.2063434931961875E7 ; 2.095601873062722E11 ; 333181.29999999783
1259 ; 12796.855126948112 ; 1.9927923163623008E8 ; 1.2076228481369816E7 ; 2.0975946653790842E11 ; 333446.1499999978
1260 ; 11097.797495628953 ; 1.9927923163623008E8 ; 1.2089025336496765E7 ; 2.0995874576954465E11 ; 333710.9999999978
1261 ; 11214.85217628713 ; 1.9927923163623008E8 ; 1.2100123133992394E7 ; 2.1015802500118088E11 ; 333975.84999999776
1262 ; 11060.960652058693 ; 1.9927923163623008E8 ; 1.211133798616868E7 ; 2.103573042328171E11 ; 334240.69999999774
1263 ; 11266.676778688947 ; 1.9927923163623008E8 ; 1.212239894682074E7 ; 2.1055658346445334E11 ; 334505.5499999977
1264 ; 11141.32087079425 ; 1.9927923163623008E8 ; 1.2133665623599429E7 ; 2.1075586269608957E11 ; 334770.3999999977
1265 ; 11307.030849760818 ; 1.9927923163623008E8 ; 1.2144806944470223E7 ; 2.109551419277258E11 ; 335035.2499999977
1266 ; 10950.542110939426 ; 1.9927923163623008E8 ; 1.2156113975319983E7 ; 2.1115442115936203E11 ; 335300.09999999765
1267 ; 11171.346351357104 ; 1.9927923163623008E8 ; 1.2167064517430922E7 ; 2.1135370039099826E11 ; 335564.9499999976
1268 ; 11026.862615277058 ; 1.9927923163623008E8 ; 1.217823586378228E7 ; 2.115529796226345E11 ; 335829.7999999976
1269 ; 11043.72077563673 ; 1.9927923163623008E8 ; 1.2189262726397555E7 ; 2.1175225885427072E11 ; 336094.6499999976
1270 ; 10880.553317480613 ; 1.9927923163623008E8 ; 1.2200306447173191E7 ; 2.1195153808590695E11 ; 336359.49999999756
1271 ; 11003.302461623716 ; 1.9927923163623008E8 ; 1.2211187000490671E7 ; 2.1215081731754318E11 ; 336624.34999999753
1272 ; 10927.388897231749 ; 1.9927923163623008E8 ; 1.2222190302952295E7 ; 2.123500965491794E11 ; 336889.1999999975
1273 ; 10913.349099514942 ; 1.9927923163623008E8 ; 1.2233117691849526E7 ; 2.1254937578081564E11 ; 337154.0499999975
1274 ; 10863.493675240072 ; 1.9927923163623008E8 ; 1.2244031040949041E7 ; 2.1274865501245187E11 ; 337418.89999999746
1275 ; 10731.48896550913 ; 1.9927923163623008E8 ; 1.225489453462428E7 ; 2.129479342440881E11 ; 337683.74999999744
1276 ; 10869.034649738403 ; 1.9927923163623008E8 ; 1.226562602358979E7 ; 2.1314721347572433E11 ; 337948.5999999974
1277 ; 10747.951744445998 ; 1.9927923163623008E8 ; 1.2276495058239529E7 ; 2.1334649270736057E11 ; 338213.4499999974
1278 ; 10613.265869377812 ; 1.9927923163623008E8 ; 1.2287243009983975E7 ; 2.135457719389968E11 ; 338478.29999999737
1279 ; 10524.72350841225 ; 1.9927923163623008E8 ; 1.2297856275853353E7 ; 2.1374505117063303E11 ; 338743.14999999735
1280 ; 10698.948766892283 ; 1.9927923163623008E8 ; 1.2308380999361765E7 ; 2.1394433040226926E11 ; 339007.9999999973
1281 ; 10703.663726162064 ; 1.9927923163623008E8 ; 1.2319079948128657E7 ; 2.141436096339055E11 ; 339272.8499999973
1282 ; 10602.17737321447 ; 1.643045422770107E8 ; 1.232978361185482E7 ; 2.1434288886554172E11 ; 339537.6999999973
1283 ; 10634.471601201565 ; 1.4974549920965165E8 ; 1.2340385789228033E7 ; 2.1450719340781873E11 ; 339802.54999999725
1284 ; 10568.51078583733 ; 1.4939982447256538E8 ; 1.2351020260829234E7 ; 2.1465693890702838E11 ; 340067.39999999723
1285 ; 10362.025998232235 ; 1.4905494387376526E8 ; 1.2361588771615071E7 ; 2.1480633873150095E11 ; 340332.2499999972
1286 ; 10440.04084817676 ; 1.4871085558883217E8 ; 1.2371950797613304E7 ; 2.1495539367537473E11 ; 340597.0999999972
1287 ; 10479.90981665858 ; 1.4836755779753828E8 ; 1.2382390838461481E7 ; 2.1510410453096356E11 ; 340861.94999999716
1288 ; 10294.151261509627 ; 1.4802504868383744E8 ; 1.239287074827814E7 ; 2.152524720887611E11 ; 341126.79999999714
1289 ; 10313.839090327463 ; 1.4768332643585566E8 ; 1.240316489953965E7 ; 2.1540049713744495E11 ; 341391.6499999971
1290 ; 10326.679686052898 ; 1.4734238924588147E8 ; 1.2413478738629976E7 ; 2.155481804638808E11 ; 341656.4999999971
1291 ; 10334.763623220908 ; 1.470022353103563E8 ; 1.2423805418316029E7 ; 2.1569552285312668E11 ; 341921.34999999707
1292 ; 10458.23295732046 ; 1.4666286282986507E8 ; 1.243414018193925E7 ; 2.1584252508843704E11 ; 342186.19999999704
1293 ; 10360.69561614614 ; 1.4632427000912654E8 ; 1.244459841489657E7 ; 2.159891879512669E11 ; 342451.049999997
1294 ; 10259.260871189954 ; 1.4598645505698395E8 ; 1.2454959110512717E7 ; 2.1613551222127603E11 ; 342715.899999997
1295 ; 10147.943707318253 ; 1.4564941618639532E8 ; 1.2465218371383907E7 ; 2.16281498676333E11 ; 342980.749999997
1296 ; 10274.999508225774 ; 1.4531315161442435E8 ; 1.2475366315091226E7 ; 2.164271480925194E11 ; 343245.59999999695
1297 ; 10209.320266351395 ; 1.4497765956223056E8 ; 1.2485641314599453E7 ; 2.1657246124413382E11 ; 343510.4499999969
1298 ; 9977.612909218335 ; 1.4464293825506032E8 ; 1.2495850634865804E7 ; 2.1671743890369604E11 ; 343775.2999999969
1299 ; 10021.680927827842 ; 1.4430898592223707E8 ; 1.2505828247775022E7 ; 2.168620818419511E11 ; 344040.1499999969
1300 ; 9957.703888247357 ; 1.439758007971522E8 ; 1.251584992870285E7 ; 2.1700639082787335E11 ; 344304.99999999686
1301 ; 9879.76122271598 ; 1.4364338111725563E8 ; 1.2525807632591097E7 ; 2.171503666286705E11 ; 344569.84999999683
1302 ; 9919.72049877809 ; 1.4331172512404644E8 ; 1.2535687393813813E7 ; 2.1729401000978775E11 ; 344834.6999999968
1303 ; 9981.071727045311 ; 1.429808310630637E8 ; 1.2545607114312591E7 ; 2.174373217349118E11 ; 345099.5499999968
1304 ; 10056.644448363042 ; 1.4265069718387708E8 ; 1.2555588186039636E7 ; 2.1758030256597485E11 ; 345364.39999999676
1305 ; 9783.877827529752 ; 1.4232132174007753E8 ; 1.2565644830487998E7 ; 2.1772295326315872E11 ; 345629.24999999674
1306 ; 9911.929551626517 ; 1.4199270298926818E8 ; 1.2575428708315527E7 ; 2.178652745848988E11 ; 345894.0999999967
1307 ; 9601.586798959563 ; 1.4166483919305512E8 ; 1.2585340637867153E7 ; 2.1800726728788806E11 ; 346158.9499999967
1308 ; 9870.030016790164 ; 1.4133772861703807E8 ; 1.2594942224666113E7 ; 2.1814893212708112E11 ; 346423.79999999667
1309 ; 9878.173024361473 ; 1.4101136953080133E8 ; 1.2604812254682904E7 ; 2.1829026985569815E11 ; 346688.64999999665
1310 ; 9502.06642775557 ; 1.4068576020790458E8 ; 1.2614690427707266E7 ; 2.1843128122522894E11 ; 346953.4999999966
1311 ; 9573.609912779648 ; 1.4036089892587373E8 ; 1.2624192494135022E7 ; 2.1857196698543686E11 ; 347218.3499999966
1312 ; 9782.367591384167 ; 1.4003678396619186E8 ; 1.2633766104047801E7 ; 2.1871232788436273E11 ; 347483.1999999966
1313 ; 9568.974847259009 ; 1.3971341361429003E8 ; 1.2643548471639186E7 ; 2.1885236466832892E11 ; 347748.04999999655
1314 ; 9626.892170569094 ; 1.393907861595384E8 ; 1.2653117446486445E7 ; 2.189920780819432E11 ; 348012.89999999653
1315 ; 9681.91736453887 ; 1.390688998952369E8 ; 1.2662744338657014E7 ; 2.1913146886810275E11 ; 348277.7499999965
1316 ; 9389.804757937902 ; 1.3874775311860654E8 ; 1.2672426256021554E7 ; 2.19270537767998E11 ; 348542.5999999965
1317 ; 9421.474041965124 ; 1.3842734413077998E8 ; 1.2681816060779491E7 ; 2.1940928552111658E11 ; 348807.44999999646
1318 ; 9269.477921200985 ; 1.3810767123679307E8 ; 1.2691237534821456E7 ; 2.1954771286524734E11 ; 349072.29999999644
1319 ; 9446.319986900235 ; 1.377887327455754E8 ; 1.2700507012742657E7 ; 2.1968582053648413E11 ; 349337.1499999964
1320 ; 9324.773172463845 ; 1.3747052696994156E8 ; 1.2709953332729558E7 ; 2.198236092692297E11 ; 349601.9999999964
1321 ; 9426.175535982682 ; 1.3715305222658235E8 ; 1.2719278105902022E7 ; 2.1996107979619965E11 ; 349866.84999999637
1322 ; 9260.612956707788 ; 1.3683630683605555E8 ; 1.2728704281438004E7 ; 2.2009823284842624E11 ; 350131.69999999634
1323 ; 9448.195436205453 ; 1.3652028912277737E8 ; 1.2737964894394713E7 ; 2.202350691552623E11 ; 350396.5499999963
1324 ; 9734.827609088023 ; 1.362049974150133E8 ; 1.2747413089830918E7 ; 2.2037158944438507E11 ; 350661.3999999963
1325 ; 9589.106405001483 ; 1.358904300448695E8 ; 1.2757147917440007E7 ; 2.2050779444180008E11 ; 350926.2499999963
1326 ; 9549.914458457128 ; 1.3557658534828395E8 ; 1.2766737023845008E7 ; 2.2064368487184494E11 ; 351191.09999999625
1327 ; 9629.520108384188 ; 1.3526346166501734E8 ; 1.2776286938303465E7 ; 2.2077926145719324E11 ; 351455.9499999962
1328 ; 9558.421325663532 ; 1.3495105733864465E8 ; 1.278591645841185E7 ; 2.2091452491885825E11 ; 351720.7999999962
1329 ; 9490.571139128695 ; 1.3463937071654636E8 ; 1.2795474879737513E7 ; 2.210494759761969E11 ; 351985.6499999962
1330 ; 9496.786226891449 ; 1.3432840014989945E8 ; 1.2804965450876642E7 ; 2.2118411534691345E11 ; 352250.49999999616
1331 ; 9401.926734577431 ; 1.3401814399366891E8 ; 1.2814462237103533E7 ; 2.2131844374706335E11 ; 352515.34999999614
1332 ; 9336.177702626981 ; 1.3370860060659896E8 ; 1.282386416383811E7 ; 2.2145246189105704E11 ; 352780.1999999961
1333 ; 9288.424341265916 ; 1.3339976835120437E8 ; 1.2833200341540737E7 ; 2.2158617049166364E11 ; 353045.0499999961
1334 ; 9400.192462856907 ; 1.3309164559376176E8 ; 1.2842488765882002E7 ; 2.2171957026001483E11 ; 353309.89999999607
1335 ; 9229.650948672976 ; 1.3278423070430101E8 ; 1.285188895834486E7 ; 2.2185266190560858E11 ; 353574.74999999604
1336 ; 9336.071720381264 ; 1.324775220565967E8 ; 1.2861118609293533E7 ; 2.219854461363129E11 ; 353839.599999996
1337 ; 9183.070329884642 ; 1.3217151802815932E8 ; 1.2870454681013914E7 ; 2.221179236583695E11 ; 354104.449999996
1338 ; 8997.682030616927 ; 1.3186621700022686E8 ; 1.2879637751343798E7 ; 2.2225009517639767E11 ; 354369.299999996
1339 ; 9167.196163123728 ; 1.3156161735775617E8 ; 1.2888635433374414E7 ; 2.223819613933979E11 ; 354634.14999999595
1340 ; 9126.599639933067 ; 1.3125771748941444E8 ; 1.2897802629537538E7 ; 2.2251352301075565E11 ; 354898.9999999959
1341 ; 9134.990417656833 ; 1.3095451578757064E8 ; 1.2906929229177471E7 ; 2.2264478072824506E11 ; 355163.8499999959
1342 ; 9233.92189067512 ; 1.3065201064828706E8 ; 1.2916064219595129E7 ; 2.2277573524403262E11 ; 355428.6999999959
1343 ; 9067.434674905136 ; 1.3035020047131084E8 ; 1.2925298141485805E7 ; 2.229063872546809E11 ; 355693.54999999586
1344 ; 9006.779074045855 ; 1.3004908366006541E8 ; 1.293436557616071E7 ; 2.2303673745515222E11 ; 355958.39999999583
1345 ; 9047.936083471042 ; 1.2974865862164211E8 ; 1.2943372355234757E7 ; 2.231667865388123E11 ; 356223.2499999958
1346 ; 9070.888180201968 ; 1.2944892376679184E8 ; 1.2952420291318228E7 ; 2.2329653519743393E11 ; 356488.0999999958
1347 ; 8966.577006299281 ; 1.2914987750991651E8 ; 1.296149117949843E7 ; 2.234259841212007E11 ; 356752.94999999576
1348 ; 9132.91584147234 ; 1.2885151826906072E8 ; 1.297045775650473E7 ; 2.2355513399871063E11 ; 357017.79999999574
1349 ; 9052.925735223094 ; 1.2855384446590334E8 ; 1.2979590672346203E7 ; 2.236839855169797E11 ; 357282.6499999957
1350 ; 9127.714904849341 ; 1.2825685452574934E8 ; 1.2988643598081425E7 ; 2.2381253936144562E11 ; 357547.4999999957
1351 ; 8938.945952252217 ; 1.2796054687752117E8 ; 1.2997771312986273E7 ; 2.2394079621597137E11 ; 357812.34999999567
1352 ; 9049.784877953758 ; 1.2766491995375074E8 ; 1.3006710258938525E7 ; 2.240687567628489E11 ; 358077.19999999565
1353 ; 8970.854385851588 ; 1.2736997219057088E8 ; 1.3015760043816479E7 ; 2.2419642168280267E11 ; 358342.0499999956
1354 ; 9194.60407761661 ; 1.270757020277073E8 ; 1.302473089820233E7 ; 2.2432379165499326E11 ; 358606.8999999956
1355 ; 8756.985482827598 ; 1.2678210790847008E8 ; 1.3033925502279947E7 ; 2.2445086735702097E11 ; 358871.7499999956
1356 ; 9009.55081607192 ; 1.2648918827974568E8 ; 1.3042682487762773E7 ; 2.2457764946492944E11 ; 359136.59999999555
1357 ; 8786.233621761912 ; 1.261969415919886E8 ; 1.3051692038578846E7 ; 2.247041386532092E11 ; 359401.44999999553
1358 ; 8771.735541728323 ; 1.2590536629921313E8 ; 1.3060478272200607E7 ; 2.2483033559480118E11 ; 359666.2999999955
1359 ; 8894.307026555467 ; 1.2561446085898533E8 ; 1.3069250007742334E7 ; 2.249562409611004E11 ; 359931.1499999955
1360 ; 8691.254088691405 ; 1.2532422373241474E8 ; 1.307814431476889E7 ; 2.2508185542195938E11 ; 360195.99999999546
1361 ; 8924.676309724222 ; 1.2503465338414629E8 ; 1.308683556885758E7 ; 2.252071796456918E11 ; 360460.84999999544
1362 ; 8643.329054135249 ; 1.2474574828235213E8 ; 1.3095760245167304E7 ; 2.2533221429907596E11 ; 360725.6999999954
1363 ; 8891.14607738088 ; 1.2445750689872362E8 ; 1.310440357422144E7 ; 2.254569600473583E11 ; 360990.5499999954
1364 ; 8818.74638661511 ; 1.2416992770846315E8 ; 1.3113294720298821E7 ; 2.2558141755425702E11 ; 361255.39999999537
1365 ; 8962.105210355161 ; 1.2388300919027618E8 ; 1.3122113466685437E7 ; 2.2570558748196548E11 ; 361520.24999999534
1366 ; 8733.717864718996 ; 1.2359674982636304E8 ; 1.3131075571895791E7 ; 2.2582947049115576E11 ; 361785.0999999953
1367 ; 8870.694603160797 ; 1.2331114810241102E8 ; 1.313980928976051E7 ; 2.2595306724098212E11 ; 362049.9499999953
1368 ; 8664.063859507156 ; 1.2302620250758633E8 ; 1.314867998436367E7 ; 2.2607637838908453E11 ; 362314.7999999953
1369 ; 8661.564052927091 ; 1.2274191153452618E8 ; 1.3157344048223177E7 ; 2.2619940459159213E11 ; 362579.64999999525
1370 ; 8766.41704714714 ; 1.2245827367933057E8 ; 1.3166005612276103E7 ; 2.2632214650312665E11 ; 362844.4999999952
1371 ; 8803.975758062408 ; 1.2217528744155464E8 ; 1.317477202932325E7 ; 2.2644460477680597E11 ; 363109.3499999952
1372 ; 8715.419128870742 ; 1.2189295132420053E8 ; 1.3183576005081313E7 ; 2.2656678006424753E11 ; 363374.1999999952
1373 ; 8727.646308013671 ; 1.2161126383370948E8 ; 1.3192291424210183E7 ; 2.2668867301557172E11 ; 363639.04999999516
1374 ; 8714.919063635138 ; 1.2133022347995402E8 ; 1.3201019070518197E7 ; 2.2681028427940543E11 ; 363903.89999999513
1375 ; 8636.668716584723 ; 1.2104982877623008E8 ; 1.3209733989581833E7 ; 2.2693161450288538E11 ; 364168.7499999951
1376 ; 8563.888887030385 ; 1.2077007823924896E8 ; 1.3218370658298418E7 ; 2.2705266433166162E11 ; 364433.5999999951
1377 ; 8612.761233108855 ; 1.2049097038912968E8 ; 1.3226934547185449E7 ; 2.2717343440990088E11 ; 364698.44999999506
1378 ; 8443.429829012657 ; 1.2021250374939106E8 ; 1.3235547308418557E7 ; 2.2729392538029E11 ; 364963.29999999504
1379 ; 8630.038690651942 ; 1.1993467684694396E8 ; 1.324399073824757E7 ; 2.274141378840394E11 ; 365228.149999995
1380 ; 8499.996788842012 ; 1.196574882120834E8 ; 1.3252620776938222E7 ; 2.2753407256088635E11 ; 365492.999999995
1381 ; 8647.887715582268 ; 1.1938093637848084E8 ; 1.3261120773727065E7 ; 2.2765373004909845E11 ; 365757.84999999497
1382 ; 8559.771475656058 ; 1.1910501988317643E8 ; 1.3269768661442647E7 ; 2.2777311098547693E11 ; 366022.69999999495
1383 ; 8472.966673073774 ; 1.188297372665713E8 ; 1.3278328432918303E7 ; 2.278922160053601E11 ; 366287.5499999949
1384 ; 8602.528355046707 ; 1.1855508707241973E8 ; 1.3286801399591377E7 ; 2.2801104574262668E11 ; 366552.3999999949
1385 ; 8483.759832987298 ; 1.1828106784782158E8 ; 1.3295403927946424E7 ; 2.281296008296991E11 ; 366817.2499999949
1386 ; 8288.33264431185 ; 1.1800767814321451E8 ; 1.3303887687779412E7 ; 2.282478818975469E11 ; 367082.09999999485
1387 ; 8318.035698590675 ; 1.1773491651236632E8 ; 1.3312176020423723E7 ; 2.2836588957569012E11 ; 367346.94999999483
1388 ; 8571.134945340937 ; 1.1746278151236738E8 ; 1.3320494056122314E7 ; 2.2848362449220248E11 ; 367611.7999999948
1389 ; 8319.46767264726 ; 1.1719127170362289E8 ; 1.3329065191067655E7 ; 2.2860108727371484E11 ; 367876.6499999948
1390 ; 8488.8244900339 ; 1.1692038564984532E8 ; 1.3337384658740303E7 ; 2.2871827854541846E11 ; 368141.49999999476
1391 ; 8504.597551308434 ; 1.1665012191804682E8 ; 1.3345873483230336E7 ; 2.288351989310683E11 ; 368406.34999999474
1392 ; 8475.052411624582 ; 1.1638047907853162E8 ; 1.3354378080781644E7 ; 2.2895184905298636E11 ; 368671.1999999947
1393 ; 8385.664414009574 ; 1.1611145570488848E8 ; 1.336285313319327E7 ; 2.2906822953206488E11 ; 368936.0499999947
1394 ; 8253.032525487273 ; 1.1584305037398311E8 ; 1.3371238797607278E7 ; 2.2918434098776978E11 ; 369200.89999999467
1395 ; 8128.209787935624 ; 1.1557526166595069E8 ; 1.3379491830132766E7 ; 2.2930018403814377E11 ; 369465.74999999464
1396 ; 8342.4261834776 ; 1.1530808816418834E8 ; 1.33876200399207E7 ; 2.2941575929980972E11 ; 369730.5999999946
1397 ; 8159.8478679963555 ; 1.150415284553476E8 ; 1.3395962466104178E7 ; 2.295310673879739E11 ; 369995.4499999946
1398 ; 8215.31751471342 ; 1.14775581129327E8 ; 1.3404122313972173E7 ; 2.2964610891642926E11 ; 370260.2999999946
1399 ; 8144.634337205016 ; 1.1451024477926452E8 ; 1.3412337631486887E7 ; 2.297608844975586E11 ; 370525.14999999455
1400 ; 8276.747037276724 ; 1.1424551800153033E8 ; 1.3420482265824093E7 ; 2.2987539474233786E11 ; 370789.9999999945
1401 ; 8155.218739181617 ; 1.139813993957191E8 ; 1.342875901286137E7 ; 2.299896402603394E11 ; 371054.8499999945
1402 ; 8134.829860449634 ; 1.1371788756464279E8 ; 1.3436914231600551E7 ; 2.301036216597351E11 ; 371319.6999999945
1403 ; 8225.786126799077 ; 1.1345498111432323E8 ; 1.3445049061461E7 ; 2.3021733954729974E11 ; 371584.54999999446
1404 ; 8344.262880694843 ; 1.1319267865398467E8 ; 1.34532748475878E7 ; 2.3033079452841406E11 ; 371849.39999999444
1405 ; 8076.994920594941 ; 1.1293097879604647E8 ; 1.3461619110468494E7 ; 2.3044398720706805E11 ; 372114.2499999944
1406 ; 8015.94682566597 ; 1.1266988015611577E8 ; 1.3469696105389088E7 ; 2.305569181858641E11 ; 372379.0999999944
1407 ; 8161.4187216846985 ; 1.124093813529802E8 ; 1.3477712052214755E7 ; 2.3066958806602023E11 ; 372643.94999999437
1408 ; 8019.585136536051 ; 1.1214948100860043E8 ; 1.348587347093644E7 ; 2.307819974473732E11 ; 372908.79999999434
1409 ; 7978.979746742344 ; 1.1189017774810307E8 ; 1.3493893056072976E7 ; 2.308941469283818E11 ; 373173.6499999943
1410 ; 8144.99383478334 ; 1.1163147019977322E8 ; 1.3501872035819719E7 ; 2.310060371061299E11 ; 373438.4999999943
1411 ; 8097.005643092028 ; 1.1137335699504742E8 ; 1.3510017029654503E7 ; 2.3111766857632968E11 ; 373703.3499999943
1412 ; 8115.625283361229 ; 1.1111583676850615E8 ; 1.3518114035297595E7 ; 2.3122904193332474E11 ; 373968.19999999425
1413 ; 8096.893469768709 ; 1.1085890815786684E8 ; 1.3526229660580955E7 ; 2.3134015777009323E11 ; 374233.0499999942
1414 ; 7944.653512529231 ; 1.1060256980397652E8 ; 1.3534326554050725E7 ; 2.314510166782511E11 ; 374497.8999999942
1415 ; 7938.129140891084 ; 1.1034682035080473E8 ; 1.3542271207563255E7 ; 2.3156161924805508E11 ; 374762.7499999942
1416 ; 7783.077970752674 ; 1.1009165844543625E8 ; 1.3550209336704146E7 ; 2.3167196606840588E11 ; 375027.59999999416
1417 ; 8062.5964050994635 ; 1.0983708273806399E8 ; 1.3557992414674899E7 ; 2.3178205772685132E11 ; 375292.44999999413
1418 ; 7921.41983507009 ; 1.0958309188198191E8 ; 1.3566055011079999E7 ; 2.318918948095894E11 ; 375557.2999999941
1419 ; 8077.531762575643 ; 1.0932968453357774E8 ; 1.3573976430915069E7 ; 2.3200147790147137E11 ; 375822.1499999941
1420 ; 8030.211279301965 ; 1.0907685935232602E8 ; 1.3582053962677645E7 ; 2.3211080758600494E11 ; 376086.99999999406
1421 ; 7928.525207153685 ; 1.08824615000781E8 ; 1.3590084173956947E7 ; 2.3221988444535727E11 ; 376351.84999999404
1422 ; 7910.465549892895 ; 1.0857295014456943E8 ; 1.3598012699164102E7 ; 2.3232870906035806E11 ; 376616.699999994
1423 ; 7894.855638579508 ; 1.0832186345238362E8 ; 1.3605923164713996E7 ; 2.3243728201050262E11 ; 376881.549999994
1424 ; 7784.221430580678 ; 1.0807135359597442E8 ; 1.3613818020352576E7 ; 2.3254560387395502E11 ; 377146.39999999397
1425 ; 7791.063176280926 ; 1.0782141925014411E8 ; 1.3621602241783157E7 ; 2.32653675227551E11 ; 377411.24999999395
1426 ; 7706.970110542709 ; 1.0757205909273937E8 ; 1.3629393304959439E7 ; 2.3276149664680115E11 ; 377676.0999999939
1427 ; 7651.1410614249435 ; 1.0732327180464444E8 ; 1.3637100275069982E7 ; 2.328690687058939E11 ; 377940.9499999939
1428 ; 7706.307600722623 ; 1.0707505606977394E8 ; 1.3644751416131407E7 ; 2.3297639197769855E11 ; 378205.7999999939
1429 ; 8034.057840039349 ; 1.0682741057506607E8 ; 1.3652457723732129E7 ; 2.330834670337683E11 ; 378470.64999999385
1430 ; 7762.626438096264 ; 1.0658033401047562E8 ; 1.3660491781572169E7 ; 2.3319029444434338E11 ; 378735.49999999383
1431 ; 7756.261671241763 ; 1.0633382506896694E8 ; 1.3668254408010265E7 ; 2.3329687477835385E11 ; 379000.3499999938
1432 ; 7759.987213572855 ; 1.0608788244650717E8 ; 1.3676010669681506E7 ; 2.3340320860342282E11 ; 379265.1999999938
1433 ; 7628.142019950406 ; 1.0584250484205925E8 ; 1.3683770656895079E7 ; 2.3350929648586932E11 ; 379530.04999999376
1434 ; 7697.592490436391 ; 1.0559769095757511E8 ; 1.3691398798915029E7 ; 2.336151389907114E11 ; 379794.89999999374
1435 ; 7797.553907392349 ; 1.0535343949798873E8 ; 1.3699096391405465E7 ; 2.3372073668166898E11 ; 380059.7499999937
1436 ; 7793.065776496591 ; 1.0510974917120929E8 ; 1.3706893945312858E7 ; 2.3382609012116696E11 ; 380324.5999999937
1437 ; 7675.344271373761 ; 1.0486661868811442E8 ; 1.3714687011089355E7 ; 2.3393119987033817E11 ; 380589.44999999367
1438 ; 7801.346854799367 ; 1.0462404676254326E8 ; 1.3722362355360728E7 ; 2.3403606648902628E11 ; 380854.29999999364
1439 ; 7723.367473357082 ; 1.043820321112898E8 ; 1.3730163702215526E7 ; 2.3414069053578882E11 ; 381119.1499999936
