CSV File for the City 4 on Day 309
1 - Minute m 
2 - Power Consumed at minute m 
3 - Power Produced at minute m 
4 - Energy Consumed since the beginning of the day 
5 - Energy Produced since the beginning of the day 
6 - Energy Lost since the beginning of the day on lines starting from the city
 
0 ; 891525.1138093506 ; 916060.7146571056 ; 0.0 ; 0.0 ; 0.0
1 ; 892654.7479001115 ; 916060.7146571056 ; 891525.1138093506 ; 916060.7146571056 ; 0.0
2 ; 893235.6253959093 ; 916060.7146571056 ; 1784179.861709462 ; 1832121.4293142112 ; 0.0
3 ; 894921.7050353981 ; 916060.7146571056 ; 2677415.4871053714 ; 2748182.143971317 ; 0.0
4 ; 894998.890163326 ; 916060.7146571056 ; 3572337.1921407697 ; 3664242.8586284225 ; 0.0
5 ; 895854.0739147137 ; 916060.7146571056 ; 4467336.082304096 ; 4580303.573285528 ; 0.0
6 ; 896734.4504651516 ; 916060.7146571056 ; 5363190.15621881 ; 5496364.287942634 ; 0.0
7 ; 898460.3577733777 ; 916060.7146571056 ; 6259924.606683962 ; 6412425.0025997395 ; 0.0
8 ; 898638.4741604003 ; 916060.7146571056 ; 7158384.96445734 ; 7328485.717256845 ; 0.0
9 ; 899860.1701431667 ; 916060.7146571056 ; 8057023.43861774 ; 8244546.4319139505 ; 0.0
10 ; 900038.7514695532 ; 916060.7146571056 ; 8956883.608760906 ; 9160607.146571057 ; 0.0
11 ; 900489.6904136174 ; 916060.7146571056 ; 9856922.360230459 ; 1.0076667861228162E7 ; 0.0
12 ; 901497.6848566717 ; 916060.7146571056 ; 1.0757412050644075E7 ; 1.0992728575885268E7 ; 0.0
13 ; 902651.3191806073 ; 916060.7146571056 ; 1.1658909735500747E7 ; 1.1908789290542373E7 ; 0.0
14 ; 903067.5514362679 ; 916060.7146571056 ; 1.2561561054681355E7 ; 1.2824850005199479E7 ; 0.0
15 ; 903800.3304730194 ; 916060.7146571056 ; 1.3464628606117623E7 ; 1.3740910719856584E7 ; 0.0
16 ; 905125.9817271082 ; 916060.7146571056 ; 1.4368428936590642E7 ; 1.465697143451369E7 ; 0.0
17 ; 905023.66403236 ; 916060.7146571056 ; 1.527355491831775E7 ; 1.5573032149170795E7 ; 0.0
18 ; 905749.6046546937 ; 916060.7146571056 ; 1.617857858235011E7 ; 1.6489092863827901E7 ; 0.0
19 ; 906045.3267683735 ; 916060.7146571056 ; 1.7084328187004805E7 ; 1.740515357848501E7 ; 0.0
20 ; 906892.4571747 ; 916060.7146571056 ; 1.7990373513773177E7 ; 1.8321214293142114E7 ; 0.0
21 ; 908381.7928436243 ; 916060.7146571056 ; 1.8897265970947877E7 ; 1.923727500779922E7 ; 0.0
22 ; 909208.6461312659 ; 916060.7146571056 ; 1.98056477637915E7 ; 2.0153335722456325E7 ; 0.0
23 ; 909861.0859412259 ; 916060.7146571056 ; 2.0714856409922767E7 ; 2.106939643711343E7 ; 0.0
24 ; 910561.2823832739 ; 916060.7146571056 ; 2.1624717495863993E7 ; 2.1985457151770536E7 ; 0.0
25 ; 911931.6006329614 ; 916060.7146571056 ; 2.2535278778247267E7 ; 2.290151786642764E7 ; 0.0
26 ; 913055.5686606952 ; 916060.7146571056 ; 2.344721037888023E7 ; 2.3817578581084747E7 ; 0.0
27 ; 913537.8383998168 ; 916060.7146571056 ; 2.4360265947540924E7 ; 2.4733639295741852E7 ; 0.0
28 ; 914982.1580040545 ; 916060.7146571056 ; 2.527380378594074E7 ; 2.5649700010398958E7 ; 0.0
29 ; 915453.6701587 ; 916060.7146571056 ; 2.6188785943944793E7 ; 2.6565760725056063E7 ; 0.0
30 ; 915266.64023162 ; 916060.7146571056 ; 2.7104239614103492E7 ; 2.748182143971317E7 ; 0.0
31 ; 916060.7146571056 ; 916060.7146571056 ; 2.8019506254335113E7 ; 2.8397882154370274E7 ; 0.0
32 ; 914550.4455001929 ; 916060.7146571056 ; 2.893556696899222E7 ; 2.931394286902738E7 ; 0.0
33 ; 914293.2346915199 ; 916060.7146571056 ; 2.985011741449241E7 ; 3.0230003583684485E7 ; 0.0
34 ; 912966.226343662 ; 916060.7146571056 ; 3.076441064918393E7 ; 3.114606429834159E7 ; 0.0
35 ; 912389.4277291027 ; 916060.7146571056 ; 3.167737687552759E7 ; 3.2062125012998696E7 ; 0.0
36 ; 911387.0686909818 ; 916060.7146571056 ; 3.2589766303256694E7 ; 3.2978185727655802E7 ; 0.0
37 ; 910940.7316536222 ; 916060.7146571056 ; 3.3501153371947676E7 ; 3.389424644231291E7 ; 0.0
38 ; 911215.7473009684 ; 916060.7146571056 ; 3.44120941036013E7 ; 3.481030715697002E7 ; 0.0
39 ; 911756.4582849261 ; 916060.7146571056 ; 3.532330985090227E7 ; 3.572636787162712E7 ; 0.0
40 ; 910564.837003192 ; 916060.7146571056 ; 3.6235066309187196E7 ; 3.664242858628423E7 ; 0.0
41 ; 909989.5855461189 ; 916060.7146571056 ; 3.714563114619039E7 ; 3.755848930094133E7 ; 0.0
42 ; 909111.2828620943 ; 916060.7146571056 ; 3.805562073173651E7 ; 3.847455001559844E7 ; 0.0
43 ; 908709.1606905021 ; 916060.7146571056 ; 3.896473201459861E7 ; 3.9390610730255544E7 ; 0.0
44 ; 908498.934324971 ; 916060.7146571056 ; 3.987344117528911E7 ; 4.030667144491265E7 ; 0.0
45 ; 906093.6461187245 ; 916060.7146571056 ; 4.078194010961408E7 ; 4.1222732159569755E7 ; 0.0
46 ; 907068.2655763043 ; 916060.7146571056 ; 4.1688033755732805E7 ; 4.213879287422686E7 ; 0.0
47 ; 905134.03646014 ; 916060.7146571056 ; 4.259510202130911E7 ; 4.3054853588883966E7 ; 0.0
48 ; 905008.9997369092 ; 916060.7146571056 ; 4.350023605776925E7 ; 4.397091430354107E7 ; 0.0
49 ; 904304.8545875514 ; 916060.7146571056 ; 4.440524505750616E7 ; 4.488697501819818E7 ; 0.0
50 ; 904015.065527173 ; 916060.7146571056 ; 4.5309549912093714E7 ; 4.580303573285528E7 ; 0.0
51 ; 902119.2391669631 ; 916060.7146571056 ; 4.6213564977620885E7 ; 4.671909644751239E7 ; 0.0
52 ; 901675.2888179562 ; 916060.7146571056 ; 4.7115684216787845E7 ; 4.7635157162169494E7 ; 0.0
53 ; 901397.4152828337 ; 916060.7146571056 ; 4.80173595056058E7 ; 4.85512178768266E7 ; 0.0
54 ; 899771.5335811214 ; 916060.7146571056 ; 4.891875692088863E7 ; 4.9467278591483705E7 ; 0.0
55 ; 898418.0627650043 ; 916060.7146571056 ; 4.9818528454469755E7 ; 5.038333930614081E7 ; 0.0
56 ; 898042.7584675656 ; 916060.7146571056 ; 5.071694651723476E7 ; 5.1299400020797916E7 ; 0.0
57 ; 897086.1315228902 ; 916060.7146571056 ; 5.161498927570232E7 ; 5.221546073545502E7 ; 0.0
58 ; 897165.3324404167 ; 916060.7146571056 ; 5.251207540722521E7 ; 5.313152145011213E7 ; 0.0
59 ; 895917.8186895081 ; 916060.7146571056 ; 5.340924073966562E7 ; 5.404758216476923E7 ; 0.0
60 ; 895406.6115524593 ; 916060.7146571056 ; 5.430515855835513E7 ; 5.496364287942634E7 ; 0.0
61 ; 894567.204618447 ; 916060.7146571056 ; 5.520056516990759E7 ; 5.587970359408344E7 ; 0.0
62 ; 893175.9438580849 ; 916060.7146571056 ; 5.609513237452604E7 ; 5.679576430874055E7 ; 0.0
63 ; 893731.7852669457 ; 916060.7146571056 ; 5.6988308318384126E7 ; 5.7711825023397654E7 ; 0.0
64 ; 892560.1072903606 ; 916060.7146571056 ; 5.788204010365107E7 ; 5.862788573805476E7 ; 0.0
65 ; 892716.1634215192 ; 916060.7146571056 ; 5.877460021094143E7 ; 5.9543946452711865E7 ; 0.0
66 ; 891195.7734747259 ; 916060.7146571056 ; 5.9667316374362946E7 ; 6.046000716736897E7 ; 0.0
67 ; 890313.6982678949 ; 916060.7146571056 ; 6.055851214783767E7 ; 6.137606788202608E7 ; 0.0
68 ; 890254.7653607727 ; 916060.7146571056 ; 6.144882584610556E7 ; 6.229212859668318E7 ; 0.0
69 ; 889332.0187397001 ; 916060.7146571056 ; 6.233908061146633E7 ; 6.320818931134029E7 ; 0.0
70 ; 887730.1859329506 ; 916060.7146571056 ; 6.322841263020603E7 ; 6.412425002599739E7 ; 0.0
71 ; 887023.7378256054 ; 916060.7146571056 ; 6.411614281613898E7 ; 6.50403107406545E7 ; 0.0
72 ; 885769.3824099445 ; 916060.7146571056 ; 6.5003166553964585E7 ; 6.5956371455311604E7 ; 0.0
73 ; 884703.8487014968 ; 916060.7146571056 ; 6.588893593637453E7 ; 6.687243216996871E7 ; 0.0
74 ; 883559.949784313 ; 916060.7146571056 ; 6.677363978507603E7 ; 6.778849288462582E7 ; 0.0
75 ; 883568.7711067187 ; 916060.7146571056 ; 6.765719973486035E7 ; 6.870455359928294E7 ; 0.0
76 ; 881271.6386261474 ; 916060.7146571056 ; 6.854076850596707E7 ; 6.962061431394005E7 ; 0.0
77 ; 881872.9104038532 ; 916060.7146571056 ; 6.942204014459321E7 ; 7.053667502859716E7 ; 0.0
78 ; 880641.3241438376 ; 916060.7146571056 ; 7.030391305499706E7 ; 7.145273574325427E7 ; 0.0
79 ; 880168.4542094719 ; 916060.7146571056 ; 7.11845543791409E7 ; 7.236879645791139E7 ; 0.0
80 ; 879625.9231609346 ; 916060.7146571056 ; 7.206472283335038E7 ; 7.32848571725685E7 ; 0.0
81 ; 877816.2296325015 ; 916060.7146571056 ; 7.294434875651132E7 ; 7.420091788722561E7 ; 0.0
82 ; 878669.8007114254 ; 916060.7146571056 ; 7.382216498614381E7 ; 7.511697860188273E7 ; 0.0
83 ; 878058.424677727 ; 916060.7146571056 ; 7.470083478685524E7 ; 7.603303931653984E7 ; 0.0
84 ; 877254.7319623393 ; 916060.7146571056 ; 7.557889321153297E7 ; 7.694910003119695E7 ; 0.0
85 ; 875699.6112900797 ; 916060.7146571056 ; 7.64561479434953E7 ; 7.786516074585406E7 ; 0.0
86 ; 874730.0927099818 ; 916060.7146571056 ; 7.733184755478539E7 ; 7.878122146051118E7 ; 0.0
87 ; 873032.9918519342 ; 916060.7146571056 ; 7.820657764749537E7 ; 7.969728217516829E7 ; 0.0
88 ; 872984.7983342449 ; 916060.7146571056 ; 7.907961063934731E7 ; 8.06133428898254E7 ; 0.0
89 ; 871458.9176561103 ; 916060.7146571056 ; 7.995259543768156E7 ; 8.152940360448252E7 ; 0.0
90 ; 870536.9191942796 ; 916060.7146571056 ; 8.082405435533766E7 ; 8.244546431913963E7 ; 0.0
91 ; 870258.5892743433 ; 916060.7146571056 ; 8.169459127453195E7 ; 8.336152503379674E7 ; 0.0
92 ; 868756.4038246738 ; 916060.7146571056 ; 8.256484986380629E7 ; 8.427758574845386E7 ; 0.0
93 ; 867764.1713835141 ; 916060.7146571056 ; 8.343360626763096E7 ; 8.519364646311097E7 ; 0.0
94 ; 865793.5237204701 ; 916060.7146571056 ; 8.430137043901448E7 ; 8.610970717776808E7 ; 0.0
95 ; 865233.207052235 ; 916060.7146571056 ; 8.516716396273495E7 ; 8.70257678924252E7 ; 0.0
96 ; 863525.1607586307 ; 916060.7146571056 ; 8.603239716978718E7 ; 8.79418286070823E7 ; 0.0
97 ; 861997.173333745 ; 916060.7146571056 ; 8.689592233054581E7 ; 8.885788932173942E7 ; 0.0
98 ; 860987.8697803691 ; 916060.7146571056 ; 8.775791950387956E7 ; 8.977395003639653E7 ; 0.0
99 ; 859247.1312215067 ; 916060.7146571056 ; 8.861890737365994E7 ; 9.069001075105365E7 ; 0.0
100 ; 858583.5583242235 ; 916060.7146571056 ; 8.947815450488144E7 ; 9.160607146571076E7 ; 0.0
101 ; 857775.8430653022 ; 916060.7146571056 ; 9.033673806320566E7 ; 9.252213218036787E7 ; 0.0
102 ; 856326.0454816271 ; 916060.7146571056 ; 9.119451390627097E7 ; 9.343819289502499E7 ; 0.0
103 ; 855498.6327394914 ; 916060.7146571056 ; 9.205083995175259E7 ; 9.43542536096821E7 ; 0.0
104 ; 853705.1621827994 ; 916060.7146571056 ; 9.290633858449207E7 ; 9.527031432433921E7 ; 0.0
105 ; 853806.1613581256 ; 916060.7146571056 ; 9.376004374667487E7 ; 9.618637503899632E7 ; 0.0
106 ; 850770.2473886299 ; 916060.7146571056 ; 9.4613849908033E7 ; 9.710243575365344E7 ; 0.0
107 ; 851013.0565635394 ; 916060.7146571056 ; 9.546462015542163E7 ; 9.801849646831055E7 ; 0.0
108 ; 850142.3365002925 ; 916060.7146571056 ; 9.631563321198517E7 ; 9.893455718296766E7 ; 0.0
109 ; 848512.1310001592 ; 916060.7146571056 ; 9.716577554848546E7 ; 9.985061789762478E7 ; 0.0
110 ; 848123.1774440934 ; 916060.7146571056 ; 9.801428767948562E7 ; 1.0076667861228189E8 ; 0.0
111 ; 847170.3301091546 ; 916060.7146571056 ; 9.886241085692972E7 ; 1.01682739326939E8 ; 0.0
112 ; 845858.6650309328 ; 916060.7146571056 ; 9.970958118703887E7 ; 1.0259880004159611E8 ; 0.0
113 ; 844297.5197350156 ; 916060.7146571056 ; 1.005554398520698E8 ; 1.0351486075625323E8 ; 0.0
114 ; 842749.8586070768 ; 916060.7146571056 ; 1.013997373718048E8 ; 1.0443092147091034E8 ; 0.0
115 ; 842255.5211501773 ; 916060.7146571056 ; 1.0224248723041189E8 ; 1.0534698218556745E8 ; 0.0
116 ; 841892.945778472 ; 916060.7146571056 ; 1.0308474275156206E8 ; 1.0626304290022457E8 ; 0.0
117 ; 841703.0011451927 ; 916060.7146571056 ; 1.0392663569734053E8 ; 1.0717910361488168E8 ; 0.0
118 ; 841664.121376957 ; 916060.7146571056 ; 1.0476833869848573E8 ; 1.0809516432953879E8 ; 0.0
119 ; 838068.2262058024 ; 916060.7146571056 ; 1.056100028198627E8 ; 1.090112250441959E8 ; 0.0
120 ; 837500.3499052299 ; 916060.7146571056 ; 1.0644807104606849E8 ; 1.0992728575885302E8 ; 0.0
121 ; 837284.4755737536 ; 916060.7146571056 ; 1.0728557139597371E8 ; 1.1084334647351013E8 ; 0.0
122 ; 834681.784143913 ; 916060.7146571056 ; 1.0812285587154746E8 ; 1.1175940718816724E8 ; 0.0
123 ; 835213.862447418 ; 916060.7146571056 ; 1.0895753765569137E8 ; 1.1267546790282436E8 ; 0.0
124 ; 833277.9665322088 ; 916060.7146571056 ; 1.0979275151813878E8 ; 1.1359152861748147E8 ; 0.0
125 ; 831369.1483500951 ; 916060.7146571056 ; 1.10626029484671E8 ; 1.1450758933213858E8 ; 0.0
126 ; 830770.9068174072 ; 916060.7146571056 ; 1.1145739863302109E8 ; 1.154236500467957E8 ; 0.0
127 ; 830033.0815825168 ; 916060.7146571056 ; 1.122881695398385E8 ; 1.1633971076145281E8 ; 0.0
128 ; 829131.6552769274 ; 916060.7146571056 ; 1.1311820262142101E8 ; 1.1725577147610992E8 ; 0.0
129 ; 827542.2087546535 ; 916060.7146571056 ; 1.1394733427669793E8 ; 1.1817183219076703E8 ; 0.0
130 ; 825427.7111429151 ; 916060.7146571056 ; 1.1477487648545259E8 ; 1.1908789290542415E8 ; 0.0
131 ; 824250.450616677 ; 916060.7146571056 ; 1.156003041965955E8 ; 1.2000395362008126E8 ; 0.0
132 ; 824304.1973437926 ; 916060.7146571056 ; 1.1642455464721218E8 ; 1.2092001433473837E8 ; 0.0
133 ; 822760.0384561503 ; 916060.7146571056 ; 1.1724885884455597E8 ; 1.2183607504939549E8 ; 0.0
134 ; 820695.2263202893 ; 916060.7146571056 ; 1.1807161888301213E8 ; 1.227521357640526E8 ; 0.0
135 ; 819796.6090610815 ; 916060.7146571056 ; 1.1889231410933243E8 ; 1.2366819647870971E8 ; 0.0
136 ; 819075.0710566563 ; 916060.7146571056 ; 1.197121107183935E8 ; 1.2458425719336683E8 ; 0.0
137 ; 818961.4901568468 ; 916060.7146571056 ; 1.2053118578945015E8 ; 1.2550031790802394E8 ; 0.0
138 ; 816427.9195174148 ; 916060.7146571056 ; 1.21350147279607E8 ; 1.2641637862268105E8 ; 0.0
139 ; 815722.4062781953 ; 916060.7146571056 ; 1.2216657519912441E8 ; 1.2733243933733816E8 ; 0.0
140 ; 813874.863176057 ; 916060.7146571056 ; 1.229822976054026E8 ; 1.2824850005199528E8 ; 0.0
141 ; 812998.0082719167 ; 916060.7146571056 ; 1.2379617246857867E8 ; 1.2916456076665239E8 ; 0.0
142 ; 811893.0361586462 ; 916060.7146571056 ; 1.2460917047685058E8 ; 1.300806214813095E8 ; 0.0
143 ; 810260.926626528 ; 916060.7146571056 ; 1.2542106351300924E8 ; 1.3099668219596662E8 ; 0.0
144 ; 808769.4239891663 ; 916060.7146571056 ; 1.2623132443963577E8 ; 1.3191274291062373E8 ; 0.0
145 ; 808172.2703337126 ; 916060.7146571056 ; 1.2704009386362493E8 ; 1.3282880362528084E8 ; 0.0
146 ; 807265.8596418838 ; 916060.7146571056 ; 1.2784826613395864E8 ; 1.3374486433993796E8 ; 0.0
147 ; 805592.0630384412 ; 916060.7146571056 ; 1.2865553199360052E8 ; 1.3466092505459505E8 ; 0.0
148 ; 804042.431626706 ; 916060.7146571056 ; 1.2946112405663896E8 ; 1.3557698576925215E8 ; 0.0
149 ; 805031.7881935427 ; 916060.7146571056 ; 1.3026516648826566E8 ; 1.3649304648390925E8 ; 0.0
150 ; 802903.3001384364 ; 916060.7146571056 ; 1.310701982764592E8 ; 1.3740910719856635E8 ; 0.0
151 ; 802465.2505332199 ; 916060.7146571056 ; 1.3187310157659765E8 ; 1.3832516791322345E8 ; 0.0
152 ; 800302.3398570883 ; 916060.7146571056 ; 1.3267556682713087E8 ; 1.3924122862788054E8 ; 0.0
153 ; 801199.0354871367 ; 916060.7146571056 ; 1.3347586916698796E8 ; 1.4015728934253764E8 ; 0.0
154 ; 800961.8645291157 ; 916060.7146571056 ; 1.342770682024751E8 ; 1.4107335005719474E8 ; 0.0
155 ; 799346.1652694797 ; 916060.7146571056 ; 1.350780300670042E8 ; 1.4198941077185184E8 ; 0.0
156 ; 798882.8570688865 ; 916060.7146571056 ; 1.358773762322737E8 ; 1.4290547148650894E8 ; 0.0
157 ; 798037.7415923709 ; 916060.7146571056 ; 1.366762590893426E8 ; 1.4382153220116603E8 ; 0.0
158 ; 797371.7037551979 ; 916060.7146571056 ; 1.3747429683093497E8 ; 1.4473759291582313E8 ; 0.0
159 ; 796261.78126663 ; 916060.7146571056 ; 1.3827166853469017E8 ; 1.4565365363048023E8 ; 0.0
160 ; 795123.0100648131 ; 916060.7146571056 ; 1.390679303159568E8 ; 1.4656971434513733E8 ; 0.0
161 ; 793233.9034708056 ; 916060.7146571056 ; 1.398630533260216E8 ; 1.4748577505979443E8 ; 0.0
162 ; 792520.1207399829 ; 916060.7146571056 ; 1.4065628722949243E8 ; 1.4840183577445152E8 ; 0.0
163 ; 790387.842048589 ; 916060.7146571056 ; 1.4144880735023242E8 ; 1.4931789648910862E8 ; 0.0
164 ; 790187.9666000446 ; 916060.7146571056 ; 1.42239195192281E8 ; 1.5023395720376572E8 ; 0.0
165 ; 789928.7820830358 ; 916060.7146571056 ; 1.4302938315888104E8 ; 1.5115001791842282E8 ; 0.0
166 ; 788479.0091539708 ; 916060.7146571056 ; 1.4381931194096407E8 ; 1.5206607863307992E8 ; 0.0
167 ; 787298.693832924 ; 916060.7146571056 ; 1.4460779095011804E8 ; 1.52982139347737E8 ; 0.0
168 ; 785130.2385030892 ; 916060.7146571056 ; 1.4539508964395097E8 ; 1.538982000623941E8 ; 0.0
169 ; 785258.0433198025 ; 916060.7146571056 ; 1.4618021988245407E8 ; 1.548142607770512E8 ; 0.0
170 ; 782940.363677493 ; 916060.7146571056 ; 1.4696547792577386E8 ; 1.557303214917083E8 ; 0.0
171 ; 781292.8007129044 ; 916060.7146571056 ; 1.4774841828945136E8 ; 1.566463822063654E8 ; 0.0
172 ; 780846.9542815769 ; 916060.7146571056 ; 1.4852971109016427E8 ; 1.575624429210225E8 ; 0.0
173 ; 779038.280633947 ; 916060.7146571056 ; 1.4931055804444584E8 ; 1.584785036356796E8 ; 0.0
174 ; 779170.4460726035 ; 916060.7146571056 ; 1.500895963250798E8 ; 1.593945643503367E8 ; 0.0
175 ; 778495.3705149556 ; 916060.7146571056 ; 1.508687667711524E8 ; 1.603106250649938E8 ; 0.0
176 ; 777188.8759113031 ; 916060.7146571056 ; 1.5164726214166737E8 ; 1.612266857796509E8 ; 0.0
177 ; 776699.5420334551 ; 916060.7146571056 ; 1.5242445101757866E8 ; 1.62142746494308E8 ; 0.0
178 ; 775790.3845094943 ; 916060.7146571056 ; 1.5320115055961213E8 ; 1.630588072089651E8 ; 0.0
179 ; 774649.3228804878 ; 916060.7146571056 ; 1.5397694094412163E8 ; 1.639748679236222E8 ; 0.0
180 ; 775285.873811053 ; 916060.7146571056 ; 1.547515902670021E8 ; 1.648909286382793E8 ; 0.0
181 ; 774027.0061039709 ; 916060.7146571056 ; 1.5552687614081317E8 ; 1.658069893529364E8 ; 0.0
182 ; 772999.4445572026 ; 916060.7146571056 ; 1.5630090314691713E8 ; 1.667230500675935E8 ; 0.0
183 ; 771683.6363824562 ; 916060.7146571056 ; 1.5707390259147432E8 ; 1.6763911078225058E8 ; 0.0
184 ; 771201.6443841328 ; 916060.7146571056 ; 1.5784558622785679E8 ; 1.6855517149690768E8 ; 0.0
185 ; 770145.3037788391 ; 916060.7146571056 ; 1.5861678787224093E8 ; 1.6947123221156478E8 ; 0.0
186 ; 768675.4461003202 ; 916060.7146571056 ; 1.5938693317601976E8 ; 1.7038729292622188E8 ; 0.0
187 ; 769793.6416398762 ; 916060.7146571056 ; 1.6015560862212008E8 ; 1.7130335364087898E8 ; 0.0
188 ; 766469.3455713226 ; 916060.7146571056 ; 1.6092540226375997E8 ; 1.7221941435553607E8 ; 0.0
189 ; 766445.9582619012 ; 916060.7146571056 ; 1.6169187160933128E8 ; 1.7313547507019317E8 ; 0.0
190 ; 764982.5126187595 ; 916060.7146571056 ; 1.624583175675932E8 ; 1.7405153578485027E8 ; 0.0
191 ; 764730.5470679601 ; 916060.7146571056 ; 1.6322330008021194E8 ; 1.7496759649950737E8 ; 0.0
192 ; 764233.48883975 ; 916060.7146571056 ; 1.639880306272799E8 ; 1.7588365721416447E8 ; 0.0
193 ; 762873.2892845471 ; 916060.7146571056 ; 1.6475226411611965E8 ; 1.7679971792882156E8 ; 0.0
194 ; 762211.3680405802 ; 916060.7146571056 ; 1.655151374054042E8 ; 1.7771577864347866E8 ; 0.0
195 ; 761814.4615243162 ; 916060.7146571056 ; 1.662773487734448E8 ; 1.7863183935813576E8 ; 0.0
196 ; 761254.4968061994 ; 916060.7146571056 ; 1.670391632349691E8 ; 1.7954790007279286E8 ; 0.0
197 ; 759952.9417484822 ; 916060.7146571056 ; 1.678004177317753E8 ; 1.8046396078744996E8 ; 0.0
198 ; 758681.3572629811 ; 916060.7146571056 ; 1.6856037067352378E8 ; 1.8138002150210705E8 ; 0.0
199 ; 758421.3045403257 ; 916060.7146571056 ; 1.6931905203078675E8 ; 1.8229608221676415E8 ; 0.0
200 ; 757560.8308034538 ; 916060.7146571056 ; 1.700774733353271E8 ; 1.8321214293142125E8 ; 0.0
201 ; 757116.3614843396 ; 916060.7146571056 ; 1.7083503416613054E8 ; 1.8412820364607835E8 ; 0.0
202 ; 756146.6116731539 ; 916060.7146571056 ; 1.715921505276149E8 ; 1.8504426436073545E8 ; 0.0
203 ; 755266.9293608897 ; 916060.7146571056 ; 1.7234829713928804E8 ; 1.8596032507539254E8 ; 0.0
204 ; 754923.5743856169 ; 916060.7146571056 ; 1.7310356406864893E8 ; 1.8687638579004964E8 ; 0.0
205 ; 753291.6033239214 ; 916060.7146571056 ; 1.7385848764303455E8 ; 1.8779244650470674E8 ; 0.0
206 ; 751897.9937295867 ; 916060.7146571056 ; 1.7461177924635845E8 ; 1.8870850721936384E8 ; 0.0
207 ; 750925.6754154118 ; 916060.7146571056 ; 1.7536367724008805E8 ; 1.8962456793402094E8 ; 0.0
208 ; 751200.1004576872 ; 916060.7146571056 ; 1.7611460291550347E8 ; 1.9054062864867803E8 ; 0.0
209 ; 748507.6898346145 ; 916060.7146571056 ; 1.7686580301596117E8 ; 1.9145668936333513E8 ; 0.0
210 ; 749176.4244156034 ; 916060.7146571056 ; 1.776143107057958E8 ; 1.9237275007799223E8 ; 0.0
211 ; 747482.0011253925 ; 916060.7146571056 ; 1.783634871302114E8 ; 1.9328881079264933E8 ; 0.0
212 ; 745916.2668183802 ; 916060.7146571056 ; 1.791109691313368E8 ; 1.9420487150730643E8 ; 0.0
213 ; 745520.3867186852 ; 916060.7146571056 ; 1.7985688539815518E8 ; 1.9512093222196352E8 ; 0.0
214 ; 744072.9689897053 ; 916060.7146571056 ; 1.8060240578487387E8 ; 1.9603699293662062E8 ; 0.0
215 ; 743726.231378983 ; 916060.7146571056 ; 1.8134647875386357E8 ; 1.9695305365127772E8 ; 0.0
216 ; 742787.8117596231 ; 916060.7146571056 ; 1.8209020498524255E8 ; 1.9786911436593482E8 ; 0.0
217 ; 741536.4573541901 ; 916060.7146571056 ; 1.8283299279700217E8 ; 1.9878517508059192E8 ; 0.0
218 ; 741327.9449969521 ; 916060.7146571056 ; 1.8357452925435635E8 ; 1.9970123579524902E8 ; 0.0
219 ; 740395.2235171737 ; 916060.7146571056 ; 1.843158571993533E8 ; 2.006172965099061E8 ; 0.0
220 ; 739165.1890088818 ; 916060.7146571056 ; 1.850562524228705E8 ; 2.015333572245632E8 ; 0.0
221 ; 738313.2902825078 ; 916060.7146571056 ; 1.8579541761187938E8 ; 2.024494179392203E8 ; 0.0
222 ; 738070.584640283 ; 916060.7146571056 ; 1.865337309021619E8 ; 2.033654786538774E8 ; 0.0
223 ; 737554.4546655325 ; 916060.7146571056 ; 1.872718014868022E8 ; 2.042815393685345E8 ; 0.0
224 ; 736461.9845042953 ; 916060.7146571056 ; 1.8800935594146773E8 ; 2.051976000831916E8 ; 0.0
225 ; 735953.9270888726 ; 916060.7146571056 ; 1.88745817925972E8 ; 2.061136607978487E8 ; 0.0
226 ; 734868.6887997551 ; 916060.7146571056 ; 1.894817718530609E8 ; 2.070297215125058E8 ; 0.0
227 ; 733938.9494999604 ; 916060.7146571056 ; 1.9021664054186067E8 ; 2.079457822271629E8 ; 0.0
228 ; 733475.8053159178 ; 916060.7146571056 ; 1.9095057949136063E8 ; 2.0886184294182E8 ; 0.0
229 ; 731135.2177421402 ; 916060.7146571056 ; 1.9168405529667655E8 ; 2.097779036564771E8 ; 0.0
230 ; 730648.9841723599 ; 916060.7146571056 ; 1.924151905144187E8 ; 2.106939643711342E8 ; 0.0
231 ; 729949.7040387242 ; 916060.7146571056 ; 1.9314583949859107E8 ; 2.116100250857913E8 ; 0.0
232 ; 729191.1009089897 ; 916060.7146571056 ; 1.9387578920262977E8 ; 2.125260858004484E8 ; 0.0
233 ; 727381.1999567038 ; 916060.7146571056 ; 1.9460498030353877E8 ; 2.134421465151055E8 ; 0.0
234 ; 726091.5007761997 ; 916060.7146571056 ; 1.9533236150349548E8 ; 2.1435820722976258E8 ; 0.0
235 ; 726465.440400043 ; 916060.7146571056 ; 1.960584530042717E8 ; 2.1527426794441968E8 ; 0.0
236 ; 724996.581470563 ; 916060.7146571056 ; 1.9678491844467172E8 ; 2.1619032865907678E8 ; 0.0
237 ; 724852.6255006264 ; 916060.7146571056 ; 1.9750991502614227E8 ; 2.1710638937373388E8 ; 0.0
238 ; 723850.7619205865 ; 916060.7146571056 ; 1.982347676516429E8 ; 2.1802245008839098E8 ; 0.0
239 ; 721945.4170800174 ; 916060.7146571056 ; 1.989586184135635E8 ; 2.1893851080304807E8 ; 0.0
240 ; 720624.7037344853 ; 916060.7146571056 ; 1.996805638306435E8 ; 2.1985457151770517E8 ; 0.0
241 ; 720723.7147396612 ; 916060.7146571056 ; 2.00401188534378E8 ; 2.2077063223236227E8 ; 0.0
242 ; 719198.3401830626 ; 916060.7146571056 ; 2.0112191224911764E8 ; 2.2168669294701937E8 ; 0.0
243 ; 718061.3482275702 ; 916060.7146571056 ; 2.018411105893007E8 ; 2.2260275366167647E8 ; 0.0
244 ; 716857.8466305581 ; 916060.7146571056 ; 2.0255917193752825E8 ; 2.2351881437633356E8 ; 0.0
245 ; 717049.4975775053 ; 916060.7146571056 ; 2.032760297841588E8 ; 2.2443487509099066E8 ; 0.0
246 ; 717347.8399662809 ; 916060.7146571056 ; 2.039930792817363E8 ; 2.2535093580564776E8 ; 0.0
247 ; 715542.4076986738 ; 916060.7146571056 ; 2.0471042712170258E8 ; 2.2626699652030486E8 ; 0.0
248 ; 714856.8810371411 ; 916060.7146571056 ; 2.0542596952940124E8 ; 2.2718305723496196E8 ; 0.0
249 ; 714233.7276264334 ; 916060.7146571056 ; 2.061408264104384E8 ; 2.2809911794961905E8 ; 0.0
250 ; 713350.8417386393 ; 916060.7146571056 ; 2.0685506013806483E8 ; 2.2901517866427615E8 ; 0.0
251 ; 712944.6066472955 ; 916060.7146571056 ; 2.0756841097980347E8 ; 2.2993123937893325E8 ; 0.0
252 ; 713256.1563492088 ; 916060.7146571056 ; 2.0828135558645076E8 ; 2.3084730009359035E8 ; 0.0
253 ; 712057.0594639146 ; 916060.7146571056 ; 2.0899461174279997E8 ; 2.3176336080824745E8 ; 0.0
254 ; 711740.9231816418 ; 916060.7146571056 ; 2.097066688022639E8 ; 2.3267942152290455E8 ; 0.0
255 ; 711069.3129579393 ; 916060.7146571056 ; 2.1041840972544554E8 ; 2.3359548223756164E8 ; 0.0
256 ; 710936.263321777 ; 916060.7146571056 ; 2.1112947903840348E8 ; 2.3451154295221874E8 ; 0.0
257 ; 709942.6358813645 ; 916060.7146571056 ; 2.1184041530172527E8 ; 2.3542760366687584E8 ; 0.0
258 ; 709219.2089553581 ; 916060.7146571056 ; 2.1255035793760663E8 ; 2.3634366438153294E8 ; 0.0
259 ; 709375.116954998 ; 916060.7146571056 ; 2.1325957714656198E8 ; 2.3725972509619004E8 ; 0.0
260 ; 707639.8259008643 ; 916060.7146571056 ; 2.13968952263517E8 ; 2.3817578581084713E8 ; 0.0
261 ; 707208.687199914 ; 916060.7146571056 ; 2.1467659208941785E8 ; 2.3909184652550423E8 ; 0.0
262 ; 707158.4096624301 ; 916060.7146571056 ; 2.1538380077661777E8 ; 2.4000790724016133E8 ; 0.0
263 ; 706986.9786121583 ; 916060.7146571056 ; 2.160909591862802E8 ; 2.4092396795481843E8 ; 0.0
264 ; 706344.15883521 ; 916060.7146571056 ; 2.1679794616489235E8 ; 2.4184002866947553E8 ; 0.0
265 ; 704381.5512335545 ; 916060.7146571056 ; 2.1750429032372755E8 ; 2.4275608938413262E8 ; 0.0
266 ; 704471.5132678105 ; 916060.7146571056 ; 2.182086718749611E8 ; 2.4367215009878972E8 ; 0.0
267 ; 703830.0258233742 ; 916060.7146571056 ; 2.1891314338822892E8 ; 2.4458821081344682E8 ; 0.0
268 ; 703065.669119197 ; 916060.7146571056 ; 2.196169734140523E8 ; 2.4550427152810392E8 ; 0.0
269 ; 702205.3606298061 ; 916060.7146571056 ; 2.2032003908317152E8 ; 2.4642033224276102E8 ; 0.0
270 ; 702132.4603669966 ; 916060.7146571056 ; 2.210222444438013E8 ; 2.473363929574181E8 ; 0.0
271 ; 700958.0296907746 ; 916060.7146571056 ; 2.217243769041683E8 ; 2.482524536720752E8 ; 0.0
272 ; 701101.5922860347 ; 916060.7146571056 ; 2.2242533493385908E8 ; 2.491685143867323E8 ; 0.0
273 ; 700281.840661258 ; 916060.7146571056 ; 2.231264365261451E8 ; 2.500845751013894E8 ; 0.0
274 ; 701459.0978831737 ; 916060.7146571056 ; 2.2382671836680636E8 ; 2.510006358160465E8 ; 0.0
275 ; 699136.4454837984 ; 916060.7146571056 ; 2.2452817746468952E8 ; 2.519166965307036E8 ; 0.0
276 ; 698425.427534329 ; 916060.7146571056 ; 2.2522731391017333E8 ; 2.528327572453607E8 ; 0.0
277 ; 696858.8815070572 ; 916060.7146571056 ; 2.2592573933770767E8 ; 2.537488179600178E8 ; 0.0
278 ; 696838.3357216882 ; 916060.7146571056 ; 2.2662259821921474E8 ; 2.546648786746749E8 ; 0.0
279 ; 695931.9862095054 ; 916060.7146571056 ; 2.2731943655493644E8 ; 2.55580939389332E8 ; 0.0
280 ; 695347.4741712542 ; 916060.7146571056 ; 2.2801536854114595E8 ; 2.564970001039891E8 ; 0.0
281 ; 694423.3957496496 ; 916060.7146571056 ; 2.287107160153172E8 ; 2.574130608186462E8 ; 0.0
282 ; 693676.2236725412 ; 916060.7146571056 ; 2.2940513941106686E8 ; 2.583291215333033E8 ; 0.0
283 ; 691887.5427107634 ; 916060.7146571056 ; 2.300988156347394E8 ; 2.592451822479604E8 ; 0.0
284 ; 691365.7158694431 ; 916060.7146571056 ; 2.3079070317745015E8 ; 2.601612429626175E8 ; 0.0
285 ; 690623.1469044266 ; 916060.7146571056 ; 2.314820688933196E8 ; 2.6107730367727458E8 ; 0.0
286 ; 689301.8398387749 ; 916060.7146571056 ; 2.3217269204022405E8 ; 2.6199336439193168E8 ; 0.0
287 ; 689018.5756495368 ; 916060.7146571056 ; 2.3286199388006282E8 ; 2.6290942510658878E8 ; 0.0
288 ; 687905.8000303393 ; 916060.7146571056 ; 2.3355101245571235E8 ; 2.6382548582124588E8 ; 0.0
289 ; 686894.6986596468 ; 916060.7146571056 ; 2.342389182557427E8 ; 2.6474154653590298E8 ; 0.0
290 ; 686878.6571507079 ; 916060.7146571056 ; 2.3492581295440236E8 ; 2.6565760725056008E8 ; 0.0
291 ; 686005.1319715212 ; 916060.7146571056 ; 2.3561269161155307E8 ; 2.6657366796521717E8 ; 0.0
292 ; 685014.9525666601 ; 916060.7146571056 ; 2.3629869674352458E8 ; 2.6748972867987427E8 ; 0.0
293 ; 684566.7441955047 ; 916060.7146571056 ; 2.3698371169609123E8 ; 2.6840578939453137E8 ; 0.0
294 ; 683677.707459216 ; 916060.7146571056 ; 2.3766827844028673E8 ; 2.693218501091885E8 ; 0.0
295 ; 684147.5161278176 ; 916060.7146571056 ; 2.3835195614774594E8 ; 2.702379108238456E8 ; 0.0
296 ; 683381.0626043268 ; 916060.7146571056 ; 2.3903610366387376E8 ; 2.7115397153850275E8 ; 0.0
297 ; 682963.0794216889 ; 916060.7146571056 ; 2.397194847264781E8 ; 2.720700322531599E8 ; 0.0
298 ; 681516.7090255535 ; 916060.7146571056 ; 2.404024478058998E8 ; 2.72986092967817E8 ; 0.0
299 ; 682356.8952546365 ; 916060.7146571056 ; 2.4108396451492536E8 ; 2.7390215368247414E8 ; 0.0
300 ; 681061.0769392534 ; 916060.7146571056 ; 2.4176632141018E8 ; 2.7481821439713126E8 ; 0.0
301 ; 681068.7054267061 ; 916060.7146571056 ; 2.4244738248711926E8 ; 2.757342751117884E8 ; 0.0
302 ; 680971.9761469773 ; 916060.7146571056 ; 2.4312845119254595E8 ; 2.766503358264455E8 ; 0.0
303 ; 679309.5493927166 ; 916060.7146571056 ; 2.4380942316869292E8 ; 2.7756639654110265E8 ; 0.0
304 ; 679950.8275791646 ; 916060.7146571056 ; 2.4448873271808565E8 ; 2.784824572557598E8 ; 0.0
305 ; 679700.7580756686 ; 916060.7146571056 ; 2.4516868354566482E8 ; 2.793985179704169E8 ; 0.0
306 ; 679228.1187692331 ; 916060.7146571056 ; 2.4584838430374047E8 ; 2.8031457868507403E8 ; 0.0
307 ; 678468.7711450636 ; 916060.7146571056 ; 2.465276124225097E8 ; 2.8123063939973116E8 ; 0.0
308 ; 677936.1862897897 ; 916060.7146571056 ; 2.4720608119365478E8 ; 2.821467001143883E8 ; 0.0
309 ; 677771.1621819194 ; 916060.7146571056 ; 2.4788401737994456E8 ; 2.830627608290454E8 ; 0.0
310 ; 677469.409784399 ; 916060.7146571056 ; 2.4856178854212648E8 ; 2.8397882154370254E8 ; 0.0
311 ; 677672.6947801909 ; 916060.7146571056 ; 2.4923925795191088E8 ; 2.848948822583597E8 ; 0.0
312 ; 676324.1293459963 ; 916060.7146571056 ; 2.4991693064669108E8 ; 2.858109429730168E8 ; 0.0
313 ; 676888.9913387491 ; 916060.7146571056 ; 2.5059325477603707E8 ; 2.867270036876739E8 ; 0.0
314 ; 676694.2231732255 ; 916060.7146571056 ; 2.5127014376737583E8 ; 2.8764306440233105E8 ; 0.0
315 ; 675366.6435762239 ; 916060.7146571056 ; 2.5194683799054906E8 ; 2.885591251169882E8 ; 0.0
316 ; 674868.1961835759 ; 916060.7146571056 ; 2.526222046341253E8 ; 2.894751858316453E8 ; 0.0
317 ; 673843.1074975443 ; 916060.7146571056 ; 2.5329707283030885E8 ; 2.9039124654630244E8 ; 0.0
318 ; 673091.5560415358 ; 916060.7146571056 ; 2.539709159378064E8 ; 2.9130730726095957E8 ; 0.0
319 ; 671886.6777306468 ; 916060.7146571056 ; 2.5464400749384794E8 ; 2.922233679756167E8 ; 0.0
320 ; 670841.8430587809 ; 916060.7146571056 ; 2.553158941715786E8 ; 2.931394286902738E8 ; 0.0
321 ; 670479.6280575097 ; 916060.7146571056 ; 2.5598673601463738E8 ; 2.9405548940493095E8 ; 0.0
322 ; 670479.1164203088 ; 916060.7146571056 ; 2.566572156426949E8 ; 2.949715501195881E8 ; 0.0
323 ; 668375.5087841873 ; 916060.7146571056 ; 2.573276947591152E8 ; 2.958876108342452E8 ; 0.0
324 ; 668363.1970627346 ; 916060.7146571056 ; 2.5799607026789936E8 ; 2.9680367154890233E8 ; 0.0
325 ; 666848.732242423 ; 916060.7146571056 ; 2.586644334649621E8 ; 2.9771973226355946E8 ; 0.0
326 ; 666235.9121146793 ; 916060.7146571056 ; 2.5933128219720453E8 ; 2.986357929782166E8 ; 0.0
327 ; 664960.5306310185 ; 916060.7146571056 ; 2.599975181093192E8 ; 2.995518536928737E8 ; 0.0
328 ; 664529.8965506995 ; 916060.7146571056 ; 2.6066247863995022E8 ; 3.0046791440753084E8 ; 0.0
329 ; 663066.214028781 ; 916060.7146571056 ; 2.613270085365009E8 ; 3.01383975122188E8 ; 0.0
330 ; 661647.8215544436 ; 916060.7146571056 ; 2.6199007475052968E8 ; 3.023000358368451E8 ; 0.0
331 ; 662274.8856536514 ; 916060.7146571056 ; 2.6265172257208413E8 ; 3.032160965515022E8 ; 0.0
332 ; 660913.6236353422 ; 916060.7146571056 ; 2.6331399745773777E8 ; 3.0413215726615936E8 ; 0.0
333 ; 659484.8999722464 ; 916060.7146571056 ; 2.6397491108137313E8 ; 3.050482179808165E8 ; 0.0
334 ; 658548.8902623085 ; 916060.7146571056 ; 2.646343959813454E8 ; 3.059642786954736E8 ; 0.0
335 ; 656478.870543328 ; 916060.7146571056 ; 2.652929448716077E8 ; 3.0688033941013074E8 ; 0.0
336 ; 656821.2593805382 ; 916060.7146571056 ; 2.6594942374215102E8 ; 3.0779640012478787E8 ; 0.0
337 ; 655592.9808235853 ; 916060.7146571056 ; 2.6660624500153157E8 ; 3.08712460839445E8 ; 0.0
338 ; 654240.2640272513 ; 916060.7146571056 ; 2.6726183798235515E8 ; 3.096285215541021E8 ; 0.0
339 ; 653241.6645073403 ; 916060.7146571056 ; 2.679160782463824E8 ; 3.1054458226875925E8 ; 0.0
340 ; 651811.7596991127 ; 916060.7146571056 ; 2.6856931991088974E8 ; 3.114606429834164E8 ; 0.0
341 ; 651603.4140710944 ; 916060.7146571056 ; 2.6922113167058885E8 ; 3.123767036980735E8 ; 0.0
342 ; 650258.7070589557 ; 916060.7146571056 ; 2.6987273508465993E8 ; 3.1329276441273063E8 ; 0.0
343 ; 648241.9570517619 ; 916060.7146571056 ; 2.705229937917189E8 ; 3.1420882512738776E8 ; 0.0
344 ; 647003.797329314 ; 916060.7146571056 ; 2.7117123574877065E8 ; 3.151248858420449E8 ; 0.0
345 ; 645976.7294092128 ; 916060.7146571056 ; 2.7181823954609996E8 ; 3.16040946556702E8 ; 0.0
346 ; 644852.3744304556 ; 916060.7146571056 ; 2.724642162755092E8 ; 3.1695700727135915E8 ; 0.0
347 ; 643839.797849782 ; 916060.7146571056 ; 2.7310906864993966E8 ; 3.178730679860163E8 ; 0.0
348 ; 642982.9444143344 ; 916060.7146571056 ; 2.7375290844778943E8 ; 3.187891287006734E8 ; 0.0
349 ; 642035.564628197 ; 916060.7146571056 ; 2.7439589139220375E8 ; 3.197051894153305E8 ; 0.0
350 ; 641049.0145476847 ; 916060.7146571056 ; 2.7503792695683193E8 ; 3.2062125012998766E8 ; 0.0
351 ; 640179.937775453 ; 916060.7146571056 ; 2.7567897597137964E8 ; 3.215373108446448E8 ; 0.0
352 ; 640123.3047419516 ; 916060.7146571056 ; 2.763191559091551E8 ; 3.224533715593019E8 ; 0.0
353 ; 638168.7109769179 ; 916060.7146571056 ; 2.7695927921389705E8 ; 3.2336943227395904E8 ; 0.0
354 ; 637455.6532353495 ; 916060.7146571056 ; 2.7759744792487395E8 ; 3.2428549298861617E8 ; 0.0
355 ; 636555.6859552282 ; 916060.7146571056 ; 2.782349035781093E8 ; 3.252015537032733E8 ; 0.0
356 ; 634719.6024427084 ; 916060.7146571056 ; 2.7887145926406455E8 ; 3.261176144179304E8 ; 0.0
357 ; 633734.1747161318 ; 916060.7146571056 ; 2.7950617886650723E8 ; 3.2703367513258755E8 ; 0.0
358 ; 632991.704432269 ; 916060.7146571056 ; 2.8013991304122335E8 ; 3.279497358472447E8 ; 0.0
359 ; 632293.3987031463 ; 916060.7146571056 ; 2.807729047456556E8 ; 3.288657965619018E8 ; 0.0
360 ; 670434.3339431753 ; 916060.7146571056 ; 2.8140519814435875E8 ; 3.2978185727655894E8 ; 0.0
361 ; 669863.6622253073 ; 916060.7146571056 ; 2.8207563247830194E8 ; 3.3069791799121606E8 ; 0.0
362 ; 669198.752363602 ; 916060.7146571056 ; 2.8274549614052725E8 ; 3.316139787058732E8 ; 0.0
363 ; 668086.6405068781 ; 916060.7146571056 ; 2.834146948928909E8 ; 3.325300394205303E8 ; 0.0
364 ; 666433.9278741463 ; 916060.7146571056 ; 2.8408278153339773E8 ; 3.3344610013518745E8 ; 0.0
365 ; 665729.7280004112 ; 916060.7146571056 ; 2.847492154612719E8 ; 3.343621608498446E8 ; 0.0
366 ; 664453.8547688522 ; 916060.7146571056 ; 2.854149451892723E8 ; 3.352782215645017E8 ; 0.0
367 ; 664149.3561834794 ; 916060.7146571056 ; 2.8607939904404116E8 ; 3.3619428227915883E8 ; 0.0
368 ; 663248.7197500615 ; 916060.7146571056 ; 2.867435484002246E8 ; 3.3711034299381596E8 ; 0.0
369 ; 662160.3328332495 ; 916060.7146571056 ; 2.874067971199747E8 ; 3.380264037084731E8 ; 0.0
370 ; 661011.7319595783 ; 916060.7146571056 ; 2.880689574528079E8 ; 3.389424644231302E8 ; 0.0
371 ; 659370.5625318763 ; 916060.7146571056 ; 2.887299691847675E8 ; 3.3985852513778734E8 ; 0.0
372 ; 657973.3123822552 ; 916060.7146571056 ; 2.893893397472994E8 ; 3.4077458585244447E8 ; 0.0
373 ; 657557.9559362405 ; 916060.7146571056 ; 2.9004731305968165E8 ; 3.416906465671016E8 ; 0.0
374 ; 656493.0156580071 ; 916060.7146571056 ; 2.907048710156179E8 ; 3.426067072817587E8 ; 0.0
375 ; 655178.8362013345 ; 916060.7146571056 ; 2.913613640312759E8 ; 3.4352276799641585E8 ; 0.0
376 ; 654534.9548760573 ; 916060.7146571056 ; 2.9201654286747724E8 ; 3.44438828711073E8 ; 0.0
377 ; 653523.3599733142 ; 916060.7146571056 ; 2.926710778223533E8 ; 3.453548894257301E8 ; 0.0
378 ; 651494.617021142 ; 916060.7146571056 ; 2.933246011823266E8 ; 3.4627095014038724E8 ; 0.0
379 ; 651214.65109862 ; 916060.7146571056 ; 2.9397609579934776E8 ; 3.4718701085504436E8 ; 0.0
380 ; 650250.1718200101 ; 916060.7146571056 ; 2.9462731045044637E8 ; 3.481030715697015E8 ; 0.0
381 ; 649840.4966184872 ; 916060.7146571056 ; 2.9527756062226635E8 ; 3.490191322843586E8 ; 0.0
382 ; 648715.798540048 ; 916060.7146571056 ; 2.9592740111888486E8 ; 3.4993519299901575E8 ; 0.0
383 ; 646853.2327484861 ; 916060.7146571056 ; 2.965761169174249E8 ; 3.508512537136729E8 ; 0.0
384 ; 645617.8520987901 ; 916060.7146571056 ; 2.972229701501734E8 ; 3.5176731442833E8 ; 0.0
385 ; 644877.3570198606 ; 916060.7146571056 ; 2.978685880022722E8 ; 3.5268337514298713E8 ; 0.0
386 ; 644356.1025796381 ; 916060.7146571056 ; 2.9851346535929203E8 ; 3.5359943585764426E8 ; 0.0
387 ; 644121.3142727752 ; 916060.7146571056 ; 2.991578214618717E8 ; 3.545154965723014E8 ; 0.0
388 ; 644005.9036462768 ; 916060.7146571056 ; 2.9980194277614444E8 ; 3.554315572869585E8 ; 0.0
389 ; 644231.8750898248 ; 916060.7146571056 ; 3.0044594867979074E8 ; 3.5634761800161564E8 ; 0.0
390 ; 642984.6129912273 ; 916060.7146571056 ; 3.0109018055488056E8 ; 3.572636787162728E8 ; 0.0
391 ; 642097.9806018979 ; 916060.7146571056 ; 3.017331651678718E8 ; 3.581797394309299E8 ; 0.0
392 ; 641391.6002913719 ; 916060.7146571056 ; 3.023752631484737E8 ; 3.59095800145587E8 ; 0.0
393 ; 639910.5923189997 ; 916060.7146571056 ; 3.0301665474876505E8 ; 3.6001186086024415E8 ; 0.0
394 ; 638704.8098916835 ; 916060.7146571056 ; 3.0365656534108406E8 ; 3.609279215749013E8 ; 0.0
395 ; 638109.5358305093 ; 916060.7146571056 ; 3.0429527015097576E8 ; 3.618439822895584E8 ; 0.0
396 ; 637154.6268673271 ; 916060.7146571056 ; 3.0493337968680626E8 ; 3.6276004300421554E8 ; 0.0
397 ; 636251.7708996292 ; 916060.7146571056 ; 3.055705343136736E8 ; 3.6367610371887267E8 ; 0.0
398 ; 636650.5869743103 ; 916060.7146571056 ; 3.0620678608457327E8 ; 3.645921644335298E8 ; 0.0
399 ; 634759.9889383746 ; 916060.7146571056 ; 3.068434366715476E8 ; 3.655082251481869E8 ; 0.0
400 ; 634422.2529478491 ; 916060.7146571056 ; 3.07478196660486E8 ; 3.6642428586284405E8 ; 0.0
401 ; 633969.7443457762 ; 916060.7146571056 ; 3.0811261891343385E8 ; 3.673403465775012E8 ; 0.0
402 ; 631765.0188398169 ; 916060.7146571056 ; 3.0874658865777963E8 ; 3.682564072921583E8 ; 0.0
403 ; 631161.2050637705 ; 916060.7146571056 ; 3.0937835367661947E8 ; 3.6917246800681543E8 ; 0.0
404 ; 629899.5921306578 ; 916060.7146571056 ; 3.1000951488168323E8 ; 3.7008852872147256E8 ; 0.0
405 ; 628189.87680826 ; 916060.7146571056 ; 3.106394144738139E8 ; 3.710045894361297E8 ; 0.0
406 ; 628003.0157540664 ; 916060.7146571056 ; 3.112676043506222E8 ; 3.719206501507868E8 ; 0.0
407 ; 627078.8917098582 ; 916060.7146571056 ; 3.118956073663762E8 ; 3.7283671086544394E8 ; 0.0
408 ; 625448.882941056 ; 916060.7146571056 ; 3.125226862580861E8 ; 3.737527715801011E8 ; 0.0
409 ; 624683.1499171315 ; 916060.7146571056 ; 3.1314813514102715E8 ; 3.746688322947582E8 ; 0.0
410 ; 622884.757916896 ; 916060.7146571056 ; 3.137728182909443E8 ; 3.755848930094153E8 ; 0.0
411 ; 622225.450202843 ; 916060.7146571056 ; 3.1439570304886115E8 ; 3.7650095372407246E8 ; 0.0
412 ; 621119.4416516137 ; 916060.7146571056 ; 3.1501792849906397E8 ; 3.774170144387296E8 ; 0.0
413 ; 619996.9682779969 ; 916060.7146571056 ; 3.156390479407156E8 ; 3.783330751533867E8 ; 0.0
414 ; 618644.9084107085 ; 916060.7146571056 ; 3.162590449089936E8 ; 3.7924913586804384E8 ; 0.0
415 ; 618137.6787275508 ; 916060.7146571056 ; 3.168776898174043E8 ; 3.8016519658270097E8 ; 0.0
416 ; 617133.3087228434 ; 916060.7146571056 ; 3.174958274961319E8 ; 3.810812572973581E8 ; 0.0
417 ; 615595.0507817819 ; 916060.7146571056 ; 3.1811296080485475E8 ; 3.819973180120152E8 ; 0.0
418 ; 615566.6567578855 ; 916060.7146571056 ; 3.1872855585563654E8 ; 3.8291337872667235E8 ; 0.0
419 ; 613902.1172161944 ; 916060.7146571056 ; 3.193441225123944E8 ; 3.838294394413295E8 ; 0.0
420 ; 611832.8263868348 ; 916060.7146571056 ; 3.199580246296106E8 ; 3.847455001559866E8 ; 0.0
421 ; 613351.3751987308 ; 916060.7146571056 ; 3.205698574559974E8 ; 3.8566156087064373E8 ; 0.0
422 ; 611211.6633170134 ; 916060.7146571056 ; 3.211832088311961E8 ; 3.8657762158530086E8 ; 0.0
423 ; 609964.4505260523 ; 916060.7146571056 ; 3.2179442049451315E8 ; 3.87493682299958E8 ; 0.0
424 ; 608613.5973722978 ; 916060.7146571056 ; 3.224043849450392E8 ; 3.884097430146151E8 ; 0.0
425 ; 607468.2542125913 ; 916060.7146571056 ; 3.230129985424115E8 ; 3.8932580372927225E8 ; 0.0
426 ; 607677.4654410112 ; 916060.7146571056 ; 3.236204667966241E8 ; 3.902418644439294E8 ; 0.0
427 ; 606673.806967405 ; 916060.7146571056 ; 3.242281442620651E8 ; 3.911579251585865E8 ; 0.0
428 ; 605457.8688796088 ; 916060.7146571056 ; 3.248348180690325E8 ; 3.9207398587324363E8 ; 0.0
429 ; 603600.9001937752 ; 916060.7146571056 ; 3.254402759379121E8 ; 3.9299004658790076E8 ; 0.0
430 ; 603347.8170967833 ; 916060.7146571056 ; 3.2604387683810586E8 ; 3.939061073025579E8 ; 0.0
431 ; 602452.7144435525 ; 916060.7146571056 ; 3.266472246552026E8 ; 3.94822168017215E8 ; 0.0
432 ; 599422.2531687272 ; 916060.7146571056 ; 3.272496773696462E8 ; 3.9573822873187214E8 ; 0.0
433 ; 600224.3755520195 ; 916060.7146571056 ; 3.278490996228149E8 ; 3.9665428944652927E8 ; 0.0
434 ; 599194.1843303591 ; 916060.7146571056 ; 3.284493239983669E8 ; 3.975703501611864E8 ; 0.0
435 ; 596861.0946861133 ; 916060.7146571056 ; 3.2904851818269724E8 ; 3.984864108758435E8 ; 0.0
436 ; 597517.7442886733 ; 916060.7146571056 ; 3.296453792773833E8 ; 3.9940247159050065E8 ; 0.0
437 ; 594838.1227286081 ; 916060.7146571056 ; 3.30242897021672E8 ; 4.003185323051578E8 ; 0.0
438 ; 595304.0232250432 ; 916060.7146571056 ; 3.308377351444006E8 ; 4.012345930198149E8 ; 0.0
439 ; 592584.417616047 ; 916060.7146571056 ; 3.3143303916762567E8 ; 4.0215065373447204E8 ; 0.0
440 ; 592614.2087085684 ; 916060.7146571056 ; 3.3202562358524173E8 ; 4.0306671444912916E8 ; 0.0
441 ; 592407.7159833892 ; 916060.7146571056 ; 3.326182377939503E8 ; 4.039827751637863E8 ; 0.0
442 ; 591686.2142793622 ; 916060.7146571056 ; 3.332106455099337E8 ; 4.048988358784434E8 ; 0.0
443 ; 590490.2853297449 ; 916060.7146571056 ; 3.3380233172421306E8 ; 4.0581489659310055E8 ; 0.0
444 ; 589801.7516129783 ; 916060.7146571056 ; 3.343928220095428E8 ; 4.067309573077577E8 ; 0.0
445 ; 588084.5621950317 ; 916060.7146571056 ; 3.349826237611558E8 ; 4.076470180224148E8 ; 0.0
446 ; 587731.6147401102 ; 916060.7146571056 ; 3.355707083233508E8 ; 4.0856307873707193E8 ; 0.0
447 ; 586081.852666221 ; 916060.7146571056 ; 3.361584399380909E8 ; 4.0947913945172906E8 ; 0.0
448 ; 585489.4039618868 ; 916060.7146571056 ; 3.367445217907571E8 ; 4.103952001663862E8 ; 0.0
449 ; 584565.5762484908 ; 916060.7146571056 ; 3.37330011194719E8 ; 4.113112608810433E8 ; 0.0
450 ; 583173.0543226227 ; 916060.7146571056 ; 3.379145767709675E8 ; 4.1222732159570044E8 ; 0.0
451 ; 582113.8767826373 ; 916060.7146571056 ; 3.384977498252901E8 ; 4.131433823103576E8 ; 0.0
452 ; 580895.4427456774 ; 916060.7146571056 ; 3.3907986370207274E8 ; 4.140594430250147E8 ; 0.0
453 ; 579959.5705728421 ; 916060.7146571056 ; 3.396607591448184E8 ; 4.149755037396718E8 ; 0.0
454 ; 578620.1351431148 ; 916060.7146571056 ; 3.402407187153913E8 ; 4.1589156445432895E8 ; 0.0
455 ; 576539.1046689777 ; 916060.7146571056 ; 3.408193388505344E8 ; 4.168076251689861E8 ; 0.0
456 ; 576090.0052203656 ; 916060.7146571056 ; 3.4139587795520335E8 ; 4.177236858836432E8 ; 0.0
457 ; 574747.9946354235 ; 916060.7146571056 ; 3.419719679604237E8 ; 4.1863974659830034E8 ; 0.0
458 ; 573429.5578957628 ; 916060.7146571056 ; 3.425467159550591E8 ; 4.1955580731295747E8 ; 0.0
459 ; 572648.0364247822 ; 916060.7146571056 ; 3.431201455129549E8 ; 4.204718680276146E8 ; 0.0
460 ; 569704.192550236 ; 916060.7146571056 ; 3.4369279354937965E8 ; 4.213879287422717E8 ; 0.0
461 ; 569153.7865402169 ; 916060.7146571056 ; 3.442624977419299E8 ; 4.2230398945692885E8 ; 0.0
462 ; 568722.4207776506 ; 916060.7146571056 ; 3.448316515284701E8 ; 4.23220050171586E8 ; 0.0
463 ; 567012.8662131262 ; 916060.7146571056 ; 3.454003739492478E8 ; 4.241361108862431E8 ; 0.0
464 ; 566920.794671374 ; 916060.7146571056 ; 3.459673868154609E8 ; 4.2505217160090023E8 ; 0.0
465 ; 564771.9300446473 ; 916060.7146571056 ; 3.465343076101323E8 ; 4.2596823231555736E8 ; 0.0
466 ; 564969.2881526247 ; 916060.7146571056 ; 3.470990795401769E8 ; 4.268842930302145E8 ; 0.0
467 ; 563874.5582029825 ; 916060.7146571056 ; 3.4766404882832956E8 ; 4.278003537448716E8 ; 0.0
468 ; 563183.2305532686 ; 916060.7146571056 ; 3.4822792338653255E8 ; 4.2871641445952874E8 ; 0.0
469 ; 562016.0124917248 ; 916060.7146571056 ; 3.487911066170858E8 ; 4.296324751741859E8 ; 0.0
470 ; 560873.0661199928 ; 916060.7146571056 ; 3.493531226295775E8 ; 4.30548535888843E8 ; 0.0
471 ; 559885.7330388747 ; 916060.7146571056 ; 3.499139956956975E8 ; 4.314645966035001E8 ; 0.0
472 ; 559385.2671865703 ; 916060.7146571056 ; 3.504738814287364E8 ; 4.3238065731815726E8 ; 0.0
473 ; 558739.3510664593 ; 916060.7146571056 ; 3.51033266695923E8 ; 4.332967180328144E8 ; 0.0
474 ; 558332.0612274284 ; 916060.7146571056 ; 3.5159200604698944E8 ; 4.342127787474715E8 ; 0.0
475 ; 559009.8954788533 ; 916060.7146571056 ; 3.521503381082169E8 ; 4.3512883946212864E8 ; 0.0
476 ; 557846.0331628391 ; 916060.7146571056 ; 3.527093480036957E8 ; 4.3604490017678577E8 ; 0.0
477 ; 556659.9530065717 ; 916060.7146571056 ; 3.5326719403685856E8 ; 4.369609608914429E8 ; 0.0
478 ; 555661.0923860382 ; 916060.7146571056 ; 3.538238539898651E8 ; 4.378770216061E8 ; 0.0
479 ; 553908.4349635835 ; 916060.7146571056 ; 3.543795150822512E8 ; 4.3879308232075715E8 ; 0.0
480 ; 514124.9032231843 ; 916060.7146571056 ; 3.549334235172148E8 ; 4.397091430354143E8 ; 0.0
481 ; 513745.01736552163 ; 916060.7146571056 ; 3.5544754842043793E8 ; 4.406252037500714E8 ; 0.0
482 ; 514015.5862975084 ; 916060.7146571056 ; 3.5596129343780345E8 ; 4.4154126446472853E8 ; 0.0
483 ; 514132.2014062108 ; 916060.7146571056 ; 3.5647530902410096E8 ; 4.4245732517938566E8 ; 0.0
484 ; 512192.96947314375 ; 916060.7146571056 ; 3.569894412255072E8 ; 4.433733858940428E8 ; 0.0
485 ; 512051.76261439896 ; 916060.7146571056 ; 3.575016341949803E8 ; 4.442894466086999E8 ; 0.0
486 ; 510890.93955991155 ; 916060.7146571056 ; 3.580136859575947E8 ; 4.4520550732335705E8 ; 0.0
487 ; 510525.4439138263 ; 916060.7146571056 ; 3.585245768971546E8 ; 4.461215680380142E8 ; 0.0
488 ; 510656.1815172144 ; 916060.7146571056 ; 3.5903510234106845E8 ; 4.470376287526713E8 ; 0.0
489 ; 510624.2575696108 ; 916060.7146571056 ; 3.595457585225857E8 ; 4.479536894673284E8 ; 0.0
490 ; 510279.36967070546 ; 916060.7146571056 ; 3.600563827801553E8 ; 4.4886975018198556E8 ; 0.0
491 ; 509733.18547725264 ; 916060.7146571056 ; 3.60566662149826E8 ; 4.497858108966427E8 ; 0.0
492 ; 508894.72593655315 ; 916060.7146571056 ; 3.6107639533530325E8 ; 4.507018716112998E8 ; 0.0
493 ; 508489.58516464813 ; 916060.7146571056 ; 3.615852900612398E8 ; 4.5161793232595694E8 ; 0.0
494 ; 507423.03682310815 ; 916060.7146571056 ; 3.6209377964640445E8 ; 4.5253399304061407E8 ; 0.0
495 ; 507004.7137443187 ; 916060.7146571056 ; 3.6260120268322754E8 ; 4.534500537552712E8 ; 0.0
496 ; 507088.6855067792 ; 916060.7146571056 ; 3.631082073969719E8 ; 4.543661144699283E8 ; 0.0
497 ; 506686.99555699766 ; 916060.7146571056 ; 3.6361529608247864E8 ; 4.5528217518458545E8 ; 0.0
498 ; 506062.67994389834 ; 916060.7146571056 ; 3.6412198307803565E8 ; 4.561982358992426E8 ; 0.0
499 ; 505216.5050236891 ; 916060.7146571056 ; 3.646280457579796E8 ; 4.571142966138997E8 ; 0.0
500 ; 504824.46818961605 ; 916060.7146571056 ; 3.651332622630033E8 ; 4.5803035732855684E8 ; 0.0
501 ; 503382.59589135845 ; 916060.7146571056 ; 3.656380867311929E8 ; 4.5894641804321396E8 ; 0.0
502 ; 502990.0852496115 ; 916060.7146571056 ; 3.6614146932708424E8 ; 4.598624787578711E8 ; 0.0
503 ; 502865.50952477456 ; 916060.7146571056 ; 3.6664445941233385E8 ; 4.607785394725282E8 ; 0.0
504 ; 502058.0800145857 ; 916060.7146571056 ; 3.671473249218586E8 ; 4.6169460018718535E8 ; 0.0
505 ; 501154.6571552684 ; 916060.7146571056 ; 3.676493830018732E8 ; 4.626106609018425E8 ; 0.0
506 ; 501198.42572175746 ; 916060.7146571056 ; 3.681505376590285E8 ; 4.635267216164996E8 ; 0.0
507 ; 499159.11821900273 ; 916060.7146571056 ; 3.6865173608475024E8 ; 4.6444278233115673E8 ; 0.0
508 ; 499296.59206601756 ; 916060.7146571056 ; 3.6915089520296925E8 ; 4.6535884304581386E8 ; 0.0
509 ; 499023.7837876884 ; 916060.7146571056 ; 3.6965019179503524E8 ; 4.66274903760471E8 ; 0.0
510 ; 498572.97992982174 ; 916060.7146571056 ; 3.701492155788229E8 ; 4.671909644751281E8 ; 0.0
511 ; 498303.2844446629 ; 916060.7146571056 ; 3.706477885587527E8 ; 4.6810702518978524E8 ; 0.0
512 ; 498607.4446169708 ; 916060.7146571056 ; 3.711460918431974E8 ; 4.6902308590444237E8 ; 0.0
513 ; 497211.7502617447 ; 916060.7146571056 ; 3.716446992878144E8 ; 4.699391466190995E8 ; 0.0
514 ; 497101.79063597263 ; 916060.7146571056 ; 3.721419110380761E8 ; 4.708552073337566E8 ; 0.0
515 ; 497465.1815039457 ; 916060.7146571056 ; 3.7263901282871205E8 ; 4.7177126804841375E8 ; 0.0
516 ; 497392.80448329565 ; 916060.7146571056 ; 3.73136478010216E8 ; 4.726873287630709E8 ; 0.0
517 ; 496085.54971993546 ; 916060.7146571056 ; 3.736338708146993E8 ; 4.73603389477728E8 ; 0.0
518 ; 495318.61443504586 ; 916060.7146571056 ; 3.741299563644192E8 ; 4.7451945019238514E8 ; 0.0
519 ; 494872.9802898897 ; 916060.7146571056 ; 3.7462527497885424E8 ; 4.7543551090704226E8 ; 0.0
520 ; 494554.19765778445 ; 916060.7146571056 ; 3.751201479591441E8 ; 4.763515716216994E8 ; 0.0
521 ; 492983.4563260165 ; 916060.7146571056 ; 3.756147021568019E8 ; 4.772676323363565E8 ; 0.0
522 ; 492666.705883464 ; 916060.7146571056 ; 3.761076856131279E8 ; 4.7818369305101365E8 ; 0.0
523 ; 491234.2185021085 ; 916060.7146571056 ; 3.7660035231901133E8 ; 4.790997537656708E8 ; 0.0
524 ; 490441.240364129 ; 916060.7146571056 ; 3.7709158653751343E8 ; 4.800158144803279E8 ; 0.0
525 ; 488780.9274139685 ; 916060.7146571056 ; 3.7758202777787757E8 ; 4.8093187519498503E8 ; 0.0
526 ; 489803.1401550312 ; 916060.7146571056 ; 3.780708087052915E8 ; 4.8184793590964216E8 ; 0.0
527 ; 488274.81802608375 ; 916060.7146571056 ; 3.785606118454465E8 ; 4.827639966242993E8 ; 0.0
528 ; 487259.69222756755 ; 916060.7146571056 ; 3.790488866634726E8 ; 4.836800573389564E8 ; 0.0
529 ; 487852.62973058724 ; 916060.7146571056 ; 3.7953614635570014E8 ; 4.8459611805361354E8 ; 0.0
530 ; 486042.58653692575 ; 916060.7146571056 ; 3.800239989854307E8 ; 4.855121787682707E8 ; 0.0
531 ; 484514.29378931876 ; 916060.7146571056 ; 3.8051004157196766E8 ; 4.864282394829278E8 ; 0.0
532 ; 484623.3163123701 ; 916060.7146571056 ; 3.80994555865757E8 ; 4.873443001975849E8 ; 0.0
533 ; 483578.65972701734 ; 916060.7146571056 ; 3.8147917918206936E8 ; 4.8826036091224205E8 ; 0.0
534 ; 482821.6839680263 ; 916060.7146571056 ; 3.819627578417964E8 ; 4.891764216268992E8 ; 0.0
535 ; 481611.972051767 ; 916060.7146571056 ; 3.824455795257644E8 ; 4.900924823415563E8 ; 0.0
536 ; 480782.16499906284 ; 916060.7146571056 ; 3.8292719149781615E8 ; 4.9100854305621344E8 ; 0.0
537 ; 479564.5575563177 ; 916060.7146571056 ; 3.834079736628152E8 ; 4.9192460377087057E8 ; 0.0
538 ; 480634.2916038989 ; 916060.7146571056 ; 3.8388753822037154E8 ; 4.928406644855277E8 ; 0.0
539 ; 478188.80665336235 ; 916060.7146571056 ; 3.8436817251197547E8 ; 4.937567252001848E8 ; 0.0
540 ; 478836.230709154 ; 916060.7146571056 ; 3.8484636131862885E8 ; 4.9467278591484195E8 ; 0.0
541 ; 477604.83351161616 ; 916060.7146571056 ; 3.85325197549338E8 ; 4.955888466294991E8 ; 0.0
542 ; 476113.70186539413 ; 916060.7146571056 ; 3.858028023828496E8 ; 4.965049073441562E8 ; 0.0
543 ; 475149.4071919921 ; 916060.7146571056 ; 3.8627891608471495E8 ; 4.9742096805881333E8 ; 0.0
544 ; 475046.21289235365 ; 916060.7146571056 ; 3.8675406549190694E8 ; 4.9833702877347046E8 ; 0.0
545 ; 474096.3976352373 ; 916060.7146571056 ; 3.872291117047993E8 ; 4.992530894881276E8 ; 0.0
546 ; 474045.10126244463 ; 916060.7146571056 ; 3.877032081024345E8 ; 5.001691502027847E8 ; 0.0
547 ; 473463.23771111324 ; 916060.7146571056 ; 3.8817725320369697E8 ; 5.0108521091744184E8 ; 0.0
548 ; 471013.3160996976 ; 916060.7146571056 ; 3.886507164414081E8 ; 5.02001271632099E8 ; 0.0
549 ; 469776.97358775785 ; 916060.7146571056 ; 3.891217297575078E8 ; 5.029173323467561E8 ; 0.0
550 ; 469488.9070791607 ; 916060.7146571056 ; 3.8959150673109555E8 ; 5.038333930614132E8 ; 0.0
551 ; 469189.163879675 ; 916060.7146571056 ; 3.900609956381747E8 ; 5.0474945377607036E8 ; 0.0
552 ; 467778.17715009855 ; 916060.7146571056 ; 3.905301848020544E8 ; 5.056655144907275E8 ; 0.0
553 ; 466336.9104327029 ; 916060.7146571056 ; 3.909979629792045E8 ; 5.065815752053846E8 ; 0.0
554 ; 466475.4032640459 ; 916060.7146571056 ; 3.914642998896372E8 ; 5.0749763592004174E8 ; 0.0
555 ; 465643.1524237656 ; 916060.7146571056 ; 3.919307752929012E8 ; 5.0841369663469887E8 ; 0.0
556 ; 464974.18390269356 ; 916060.7146571056 ; 3.9239641844532496E8 ; 5.09329757349356E8 ; 0.0
557 ; 464306.91239909915 ; 916060.7146571056 ; 3.9286139262922764E8 ; 5.102458180640131E8 ; 0.0
558 ; 463752.17846815794 ; 916060.7146571056 ; 3.9332569954162675E8 ; 5.1116187877867025E8 ; 0.0
559 ; 463564.4999619424 ; 916060.7146571056 ; 3.937894517200949E8 ; 5.120779394933274E8 ; 0.0
560 ; 461716.11346317333 ; 916060.7146571056 ; 3.9425301622005683E8 ; 5.129940002079845E8 ; 0.0
561 ; 461157.5345191563 ; 916060.7146571056 ; 3.9471473233352E8 ; 5.1391006092264163E8 ; 0.0
562 ; 459760.58691737324 ; 916060.7146571056 ; 3.9517588986803913E8 ; 5.1482612163729876E8 ; 0.0
563 ; 459269.8136957253 ; 916060.7146571056 ; 3.9563565045495653E8 ; 5.157421823519559E8 ; 0.0
564 ; 458582.7480257684 ; 916060.7146571056 ; 3.9609492026865226E8 ; 5.16658243066613E8 ; 0.0
565 ; 458501.0404066312 ; 916060.7146571056 ; 3.9655350301667804E8 ; 5.1757430378127015E8 ; 0.0
566 ; 455830.8107293118 ; 916060.7146571056 ; 3.970120040570847E8 ; 5.184903644959273E8 ; 0.0
567 ; 455254.9328452028 ; 916060.7146571056 ; 3.97467834867814E8 ; 5.194064252105844E8 ; 0.0
568 ; 454186.0578236837 ; 916060.7146571056 ; 3.979230898006592E8 ; 5.2032248592524153E8 ; 0.0
569 ; 452822.00670279504 ; 916060.7146571056 ; 3.9837727585848284E8 ; 5.2123854663989866E8 ; 0.0
570 ; 451658.0588612311 ; 916060.7146571056 ; 3.988300978651856E8 ; 5.221546073545558E8 ; 0.0
571 ; 451079.66898712295 ; 916060.7146571056 ; 3.992817559240469E8 ; 5.230706680692129E8 ; 0.0
572 ; 450205.3046638669 ; 916060.7146571056 ; 3.9973283559303397E8 ; 5.2398672878387004E8 ; 0.0
573 ; 449045.61121941253 ; 916060.7146571056 ; 4.0018304089769787E8 ; 5.2490278949852717E8 ; 0.0
574 ; 447337.2480315431 ; 916060.7146571056 ; 4.006320865089173E8 ; 5.258188502131843E8 ; 0.0
575 ; 445868.23027492885 ; 916060.7146571056 ; 4.010794237569488E8 ; 5.267349109278414E8 ; 0.0
576 ; 446333.5130417003 ; 916060.7146571056 ; 4.0152529198722374E8 ; 5.2765097164249855E8 ; 0.0
577 ; 444606.8260886349 ; 916060.7146571056 ; 4.019716255002654E8 ; 5.285670323571557E8 ; 0.0
578 ; 443674.14912717935 ; 916060.7146571056 ; 4.02416232326354E8 ; 5.294830930718128E8 ; 0.0
579 ; 444473.3064955975 ; 916060.7146571056 ; 4.028599064754812E8 ; 5.3039915378646994E8 ; 0.0
580 ; 443554.353247203 ; 916060.7146571056 ; 4.033043797819768E8 ; 5.3131521450112706E8 ; 0.0
581 ; 442607.7542434849 ; 916060.7146571056 ; 4.0374793413522404E8 ; 5.322312752157842E8 ; 0.0
582 ; 441327.3683497086 ; 916060.7146571056 ; 4.0419054188946754E8 ; 5.331473359304413E8 ; 0.0
583 ; 441470.7436637411 ; 916060.7146571056 ; 4.0463186925781727E8 ; 5.3406339664509845E8 ; 0.0
584 ; 439495.6560590325 ; 916060.7146571056 ; 4.05073340001481E8 ; 5.349794573597556E8 ; 0.0
585 ; 438527.71100882936 ; 916060.7146571056 ; 4.0551283565754E8 ; 5.358955180744127E8 ; 0.0
586 ; 438383.8252226518 ; 916060.7146571056 ; 4.0595136336854887E8 ; 5.3681157878906983E8 ; 0.0
587 ; 436581.4428495054 ; 916060.7146571056 ; 4.0638974719377154E8 ; 5.37727639503727E8 ; 0.0
588 ; 436471.91422284243 ; 916060.7146571056 ; 4.0682632863662106E8 ; 5.38643700218384E8 ; 0.0
589 ; 436506.75131108676 ; 916060.7146571056 ; 4.072628005508439E8 ; 5.395597609330411E8 ; 0.0
590 ; 435104.97529846034 ; 916060.7146571056 ; 4.0769930730215496E8 ; 5.404758216476982E8 ; 0.0
591 ; 433066.59518342797 ; 916060.7146571056 ; 4.081344122774534E8 ; 5.413918823623552E8 ; 0.0
592 ; 433307.6925308684 ; 916060.7146571056 ; 4.0856747887263685E8 ; 5.423079430770123E8 ; 0.0
593 ; 431514.8713535252 ; 916060.7146571056 ; 4.090007865651677E8 ; 5.432240037916694E8 ; 0.0
594 ; 431378.3568142735 ; 916060.7146571056 ; 4.0943230143652123E8 ; 5.441400645063264E8 ; 0.0
595 ; 429314.5096612029 ; 916060.7146571056 ; 4.098636797933355E8 ; 5.450561252209835E8 ; 0.0
596 ; 428492.2840651257 ; 916060.7146571056 ; 4.102929943029967E8 ; 5.459721859356406E8 ; 0.0
597 ; 427565.76511868526 ; 916060.7146571056 ; 4.107214865870618E8 ; 5.468882466502976E8 ; 0.0
598 ; 426864.0153790567 ; 916060.7146571056 ; 4.111490523521805E8 ; 5.478043073649547E8 ; 0.0
599 ; 425845.7254048013 ; 916060.7146571056 ; 4.1157591636755955E8 ; 5.487203680796118E8 ; 0.0
600 ; 424315.79596639384 ; 916060.7146571056 ; 4.1200176209296435E8 ; 5.496364287942688E8 ; 0.0
601 ; 424276.87473846204 ; 916060.7146571056 ; 4.1242607788893074E8 ; 5.505524895089259E8 ; 0.0
602 ; 422607.17318200716 ; 916060.7146571056 ; 4.128503547636692E8 ; 5.51468550223583E8 ; 0.0
603 ; 421604.4169640605 ; 916060.7146571056 ; 4.132729619368512E8 ; 5.5238461093824E8 ; 0.0
604 ; 419533.4513653645 ; 916060.7146571056 ; 4.1369456635381526E8 ; 5.533006716528971E8 ; 0.0
605 ; 419165.76023656206 ; 916060.7146571056 ; 4.141140998051806E8 ; 5.542167323675542E8 ; 0.0
606 ; 417548.68774975865 ; 916060.7146571056 ; 4.145332655654172E8 ; 5.551327930822113E8 ; 0.0
607 ; 416445.6034812002 ; 916060.7146571056 ; 4.149508142531669E8 ; 5.560488537968683E8 ; 0.0
608 ; 415775.19801492325 ; 916060.7146571056 ; 4.153672598566481E8 ; 5.569649145115254E8 ; 0.0
609 ; 415160.88637146243 ; 916060.7146571056 ; 4.15783035054663E8 ; 5.578809752261825E8 ; 0.0
610 ; 413336.78777510725 ; 916060.7146571056 ; 4.1619819594103444E8 ; 5.587970359408395E8 ; 0.0
611 ; 412959.318395339 ; 916060.7146571056 ; 4.1661153272880954E8 ; 5.597130966554966E8 ; 0.0
612 ; 412891.09431178594 ; 916060.7146571056 ; 4.1702449204720485E8 ; 5.606291573701537E8 ; 0.0
613 ; 411228.64885380876 ; 916060.7146571056 ; 4.174373831415166E8 ; 5.615452180848107E8 ; 0.0
614 ; 411141.6642179572 ; 916060.7146571056 ; 4.1784861179037046E8 ; 5.624612787994678E8 ; 0.0
615 ; 409705.6628250874 ; 916060.7146571056 ; 4.182597534545884E8 ; 5.633773395141249E8 ; 0.0
616 ; 408416.6308338898 ; 916060.7146571056 ; 4.186694591174135E8 ; 5.642934002287819E8 ; 0.0
617 ; 407698.05121843726 ; 916060.7146571056 ; 4.190778757482474E8 ; 5.65209460943439E8 ; 0.0
618 ; 407153.92152279575 ; 916060.7146571056 ; 4.1948557379946584E8 ; 5.661255216580961E8 ; 0.0
619 ; 404915.0224724743 ; 916060.7146571056 ; 4.1989272772098863E8 ; 5.670415823727531E8 ; 0.0
620 ; 404335.1292763355 ; 916060.7146571056 ; 4.2029764274346113E8 ; 5.679576430874102E8 ; 0.0
621 ; 403908.10237523844 ; 916060.7146571056 ; 4.2070197787273747E8 ; 5.688737038020673E8 ; 0.0
622 ; 402122.66519724997 ; 916060.7146571056 ; 4.211058859751127E8 ; 5.697897645167243E8 ; 0.0
623 ; 401178.6298854351 ; 916060.7146571056 ; 4.2150800864030993E8 ; 5.707058252313814E8 ; 0.0
624 ; 399526.74623958505 ; 916060.7146571056 ; 4.2190918727019536E8 ; 5.716218859460385E8 ; 0.0
625 ; 399355.6864765425 ; 916060.7146571056 ; 4.2230871401643497E8 ; 5.725379466606956E8 ; 0.0
626 ; 398785.99179235066 ; 916060.7146571056 ; 4.227080697029115E8 ; 5.734540073753526E8 ; 0.0
627 ; 398025.3188584012 ; 916060.7146571056 ; 4.231068556947038E8 ; 5.743700680900097E8 ; 0.0
628 ; 397543.96981210704 ; 916060.7146571056 ; 4.235048810135622E8 ; 5.752861288046668E8 ; 0.0
629 ; 395797.31646441977 ; 916060.7146571056 ; 4.239024249833743E8 ; 5.762021895193238E8 ; 0.0
630 ; 395922.45699035487 ; 916060.7146571056 ; 4.242982222998387E8 ; 5.771182502339809E8 ; 0.0
631 ; 395129.6171279751 ; 916060.7146571056 ; 4.246941447568291E8 ; 5.78034310948638E8 ; 0.0
632 ; 394326.7004042049 ; 916060.7146571056 ; 4.2508927437395704E8 ; 5.78950371663295E8 ; 0.0
633 ; 393339.45080265496 ; 916060.7146571056 ; 4.2548360107436126E8 ; 5.798664323779521E8 ; 0.0
634 ; 393140.0370594951 ; 916060.7146571056 ; 4.2587694052516395E8 ; 5.807824930926092E8 ; 0.0
635 ; 392645.1013754883 ; 916060.7146571056 ; 4.2627008056222343E8 ; 5.816985538072662E8 ; 0.0
636 ; 391798.59291595384 ; 916060.7146571056 ; 4.266627256635989E8 ; 5.826146145219233E8 ; 0.0
637 ; 390522.88934753893 ; 916060.7146571056 ; 4.2705452425651485E8 ; 5.835306752365804E8 ; 0.0
638 ; 390256.45099162153 ; 916060.7146571056 ; 4.274450471458624E8 ; 5.844467359512374E8 ; 0.0
639 ; 389559.7638600871 ; 916060.7146571056 ; 4.2783530359685403E8 ; 5.853627966658945E8 ; 0.0
640 ; 387938.64929800347 ; 916060.7146571056 ; 4.2822486336071414E8 ; 5.862788573805516E8 ; 0.0
641 ; 386921.2692121052 ; 916060.7146571056 ; 4.2861280201001215E8 ; 5.871949180952086E8 ; 0.0
642 ; 385463.71759825124 ; 916060.7146571056 ; 4.289997232792243E8 ; 5.881109788098657E8 ; 0.0
643 ; 384295.0065153056 ; 916060.7146571056 ; 4.2938518699682254E8 ; 5.890270395245228E8 ; 0.0
644 ; 383631.9071577565 ; 916060.7146571056 ; 4.2976948200333786E8 ; 5.899431002391798E8 ; 0.0
645 ; 381757.55395806365 ; 916060.7146571056 ; 4.3015311391049564E8 ; 5.908591609538369E8 ; 0.0
646 ; 381331.7947078393 ; 916060.7146571056 ; 4.305348714644537E8 ; 5.91775221668494E8 ; 0.0
647 ; 380872.00973785843 ; 916060.7146571056 ; 4.3091620325916153E8 ; 5.92691282383151E8 ; 0.0
648 ; 379706.820661876 ; 916060.7146571056 ; 4.312970752688994E8 ; 5.936073430978081E8 ; 0.0
649 ; 378991.0887677538 ; 916060.7146571056 ; 4.316767820895613E8 ; 5.945234038124652E8 ; 0.0
650 ; 378263.88152715383 ; 916060.7146571056 ; 4.3205577317832905E8 ; 5.954394645271223E8 ; 0.0
651 ; 376267.6073626793 ; 916060.7146571056 ; 4.324340370598562E8 ; 5.963555252417793E8 ; 0.0
652 ; 375749.2124436954 ; 916060.7146571056 ; 4.3281030466721886E8 ; 5.972715859564364E8 ; 0.0
653 ; 373862.9663762041 ; 916060.7146571056 ; 4.331860538796626E8 ; 5.981876466710935E8 ; 0.0
654 ; 373451.4081169718 ; 916060.7146571056 ; 4.3355991684603876E8 ; 5.991037073857505E8 ; 0.0
655 ; 372675.45737231616 ; 916060.7146571056 ; 4.3393336825415576E8 ; 6.000197681004076E8 ; 0.0
656 ; 372367.63258886215 ; 916060.7146571056 ; 4.3430604371152806E8 ; 6.009358288150647E8 ; 0.0
657 ; 371635.02400724567 ; 916060.7146571056 ; 4.346784113441169E8 ; 6.018518895297217E8 ; 0.0
658 ; 370967.8110815929 ; 916060.7146571056 ; 4.350500463681242E8 ; 6.027679502443788E8 ; 0.0
659 ; 370384.9776930207 ; 916060.7146571056 ; 4.354210141792058E8 ; 6.036840109590359E8 ; 0.0
660 ; 369352.4847681182 ; 916060.7146571056 ; 4.357913991568988E8 ; 6.04600071673693E8 ; 0.0
661 ; 369365.8084762876 ; 916060.7146571056 ; 4.361607516416669E8 ; 6.0551613238835E8 ; 0.0
662 ; 368349.9690252806 ; 916060.7146571056 ; 4.3653011745014316E8 ; 6.064321931030071E8 ; 0.0
663 ; 367332.54391715425 ; 916060.7146571056 ; 4.368984674191684E8 ; 6.073482538176641E8 ; 0.0
664 ; 366858.1579307981 ; 916060.7146571056 ; 4.372657999630856E8 ; 6.082643145323212E8 ; 0.0
665 ; 365589.66164556757 ; 916060.7146571056 ; 4.376326581210164E8 ; 6.091803752469783E8 ; 0.0
666 ; 366463.93006830703 ; 916060.7146571056 ; 4.37998247782662E8 ; 6.100964359616354E8 ; 0.0
667 ; 365571.85200044414 ; 916060.7146571056 ; 4.383647117127303E8 ; 6.110124966762924E8 ; 0.0
668 ; 364490.2386822854 ; 916060.7146571056 ; 4.387302835647307E8 ; 6.119285573909495E8 ; 0.0
669 ; 363677.9725059399 ; 916060.7146571056 ; 4.39094773803413E8 ; 6.128446181056066E8 ; 0.0
670 ; 363407.3882514227 ; 916060.7146571056 ; 4.394584517759189E8 ; 6.137606788202636E8 ; 0.0
671 ; 363714.1677123951 ; 916060.7146571056 ; 4.398218591641703E8 ; 6.146767395349207E8 ; 0.0
672 ; 361364.7434921455 ; 916060.7146571056 ; 4.401855733318827E8 ; 6.155928002495778E8 ; 0.0
673 ; 361592.78247127356 ; 916060.7146571056 ; 4.4054693807537484E8 ; 6.165088609642348E8 ; 0.0
674 ; 361502.6968289603 ; 916060.7146571056 ; 4.4090853085784614E8 ; 6.174249216788919E8 ; 0.0
675 ; 361034.21076798905 ; 916060.7146571056 ; 4.412700335546751E8 ; 6.18340982393549E8 ; 0.0
676 ; 359297.1903816589 ; 916060.7146571056 ; 4.416310677654431E8 ; 6.19257043108206E8 ; 0.0
677 ; 358433.58339279384 ; 916060.7146571056 ; 4.4199036495582473E8 ; 6.201731038228631E8 ; 0.0
678 ; 357541.7731384743 ; 916060.7146571056 ; 4.4234879853921753E8 ; 6.210891645375202E8 ; 0.0
679 ; 356176.59023684025 ; 916060.7146571056 ; 4.42706340312356E8 ; 6.220052252521772E8 ; 0.0
680 ; 355043.2863861856 ; 916060.7146571056 ; 4.4306251690259284E8 ; 6.229212859668343E8 ; 0.0
681 ; 354717.7582668664 ; 916060.7146571056 ; 4.43417560188979E8 ; 6.238373466814914E8 ; 0.0
682 ; 353642.37894076837 ; 916060.7146571056 ; 4.437722779472459E8 ; 6.247534073961484E8 ; 0.0
683 ; 352649.7582742895 ; 916060.7146571056 ; 4.4412592032618666E8 ; 6.256694681108055E8 ; 0.0
684 ; 351096.14783925156 ; 916060.7146571056 ; 4.44478570084461E8 ; 6.265855288254626E8 ; 0.0
685 ; 349558.53168894025 ; 916060.7146571056 ; 4.448296662323002E8 ; 6.275015895401196E8 ; 0.0
686 ; 349888.9428611995 ; 916060.7146571056 ; 4.4517922476398915E8 ; 6.284176502547767E8 ; 0.0
687 ; 348019.48911701696 ; 916060.7146571056 ; 4.4552911370685035E8 ; 6.293337109694338E8 ; 0.0
688 ; 347186.7148330244 ; 916060.7146571056 ; 4.458771331959674E8 ; 6.302497716840909E8 ; 0.0
689 ; 346373.71937397704 ; 916060.7146571056 ; 4.462243199108004E8 ; 6.311658323987479E8 ; 0.0
690 ; 345596.83627280814 ; 916060.7146571056 ; 4.465706936301744E8 ; 6.32081893113405E8 ; 0.0
691 ; 344109.48854095605 ; 916060.7146571056 ; 4.4691629046644723E8 ; 6.32997953828062E8 ; 0.0
692 ; 342748.3228163256 ; 916060.7146571056 ; 4.472603999549882E8 ; 6.339140145427191E8 ; 0.0
693 ; 342321.58695695817 ; 916060.7146571056 ; 4.476031482778045E8 ; 6.348300752573762E8 ; 0.0
694 ; 341338.5113680461 ; 916060.7146571056 ; 4.479454698647615E8 ; 6.357461359720333E8 ; 0.0
695 ; 339762.3417360644 ; 916060.7146571056 ; 4.482868083761295E8 ; 6.366621966866903E8 ; 0.0
696 ; 338161.9606992586 ; 916060.7146571056 ; 4.486265707178656E8 ; 6.375782574013474E8 ; 0.0
697 ; 338070.08480049943 ; 916060.7146571056 ; 4.4896473267856485E8 ; 6.384943181160045E8 ; 0.0
698 ; 336851.62650752097 ; 916060.7146571056 ; 4.493028027633653E8 ; 6.394103788306615E8 ; 0.0
699 ; 335001.19536023773 ; 916060.7146571056 ; 4.4963965438987285E8 ; 6.403264395453186E8 ; 0.0
700 ; 333521.9016226752 ; 916060.7146571056 ; 4.499746555852331E8 ; 6.412425002599757E8 ; 0.0
701 ; 332698.8397570727 ; 916060.7146571056 ; 4.5030817748685575E8 ; 6.421585609746327E8 ; 0.0
702 ; 331917.0639560298 ; 916060.7146571056 ; 4.5064087632661283E8 ; 6.430746216892898E8 ; 0.0
703 ; 330120.9603809774 ; 916060.7146571056 ; 4.5097279339056885E8 ; 6.439906824039469E8 ; 0.0
704 ; 328113.87006966467 ; 916060.7146571056 ; 4.513029143509498E8 ; 6.44906743118604E8 ; 0.0
705 ; 328565.57730064745 ; 916060.7146571056 ; 4.516310282210195E8 ; 6.45822803833261E8 ; 0.0
706 ; 327088.8128346127 ; 916060.7146571056 ; 4.519595937983202E8 ; 6.467388645479181E8 ; 0.0
707 ; 325512.8642702588 ; 916060.7146571056 ; 4.522866826111548E8 ; 6.476549252625751E8 ; 0.0
708 ; 324340.68576398917 ; 916060.7146571056 ; 4.5261219547542506E8 ; 6.485709859772322E8 ; 0.0
709 ; 323112.89173781784 ; 916060.7146571056 ; 4.529365361611891E8 ; 6.494870466918893E8 ; 0.0
710 ; 322460.68222628883 ; 916060.7146571056 ; 4.532596490529269E8 ; 6.504031074065464E8 ; 0.0
711 ; 322192.4075442609 ; 916060.7146571056 ; 4.535821097351532E8 ; 6.513191681212034E8 ; 0.0
712 ; 321465.1962621284 ; 916060.7146571056 ; 4.5390430214269745E8 ; 6.522352288358605E8 ; 0.0
713 ; 319614.59116841306 ; 916060.7146571056 ; 4.542257673389596E8 ; 6.531512895505176E8 ; 0.0
714 ; 319662.05526393396 ; 916060.7146571056 ; 4.54545381930128E8 ; 6.540673502651746E8 ; 0.0
715 ; 318180.09242568817 ; 916060.7146571056 ; 4.548650439853919E8 ; 6.549834109798317E8 ; 0.0
716 ; 318096.83314886235 ; 916060.7146571056 ; 4.551832240778176E8 ; 6.558994716944888E8 ; 0.0
717 ; 316745.6650361341 ; 916060.7146571056 ; 4.5550132091096646E8 ; 6.568155324091458E8 ; 0.0
718 ; 315994.3210244246 ; 916060.7146571056 ; 4.558180665760026E8 ; 6.577315931238029E8 ; 0.0
719 ; 314824.8349009308 ; 916060.7146571056 ; 4.56134060897027E8 ; 6.5864765383846E8 ; 0.0
720 ; 313768.1511113022 ; 916060.7146571056 ; 4.5644888573192793E8 ; 6.59563714553117E8 ; 0.0
721 ; 314813.0354163308 ; 916060.7146571056 ; 4.5676265388303924E8 ; 6.604797752677741E8 ; 0.0
722 ; 314907.22921646567 ; 916060.7146571056 ; 4.5707746691845554E8 ; 6.613958359824312E8 ; 0.0
723 ; 317004.81650869857 ; 916060.7146571056 ; 4.57392374147672E8 ; 6.623118966970882E8 ; 0.0
724 ; 318115.3143264837 ; 916060.7146571056 ; 4.577093789641807E8 ; 6.632279574117453E8 ; 0.0
725 ; 319582.13130904525 ; 916060.7146571056 ; 4.580274942785072E8 ; 6.641440181264024E8 ; 0.0
726 ; 320518.8818138042 ; 916060.7146571056 ; 4.583470764098162E8 ; 6.650600788410594E8 ; 0.0
727 ; 321712.8274315336 ; 916060.7146571056 ; 4.5866759529163E8 ; 6.659761395557165E8 ; 0.0
728 ; 322312.218985873 ; 916060.7146571056 ; 4.589893081190616E8 ; 6.668922002703736E8 ; 0.0
729 ; 323808.9075099381 ; 916060.7146571056 ; 4.5931162033804744E8 ; 6.678082609850307E8 ; 0.0
730 ; 324957.61923980934 ; 916060.7146571056 ; 4.5963542924555737E8 ; 6.687243216996877E8 ; 0.0
731 ; 325578.55077117967 ; 916060.7146571056 ; 4.599603868647972E8 ; 6.696403824143448E8 ; 0.0
732 ; 326508.04264619143 ; 916060.7146571056 ; 4.6028596541556835E8 ; 6.705564431290019E8 ; 0.0
733 ; 327824.09019369126 ; 916060.7146571056 ; 4.606124734582145E8 ; 6.714725038436589E8 ; 0.0
734 ; 329317.2119240328 ; 916060.7146571056 ; 4.609402975484082E8 ; 6.72388564558316E8 ; 0.0
735 ; 329389.37464662845 ; 916060.7146571056 ; 4.612696147603322E8 ; 6.733046252729731E8 ; 0.0
736 ; 330445.4341497795 ; 916060.7146571056 ; 4.6159900413497883E8 ; 6.742206859876301E8 ; 0.0
737 ; 331125.3924942335 ; 916060.7146571056 ; 4.6192944956912863E8 ; 6.751367467022872E8 ; 0.0
738 ; 332032.3628855558 ; 916060.7146571056 ; 4.622605749616229E8 ; 6.760528074169443E8 ; 0.0
739 ; 333957.8270968229 ; 916060.7146571056 ; 4.625926073245084E8 ; 6.769688681316013E8 ; 0.0
740 ; 334113.5432886267 ; 916060.7146571056 ; 4.6292656515160525E8 ; 6.778849288462584E8 ; 0.0
741 ; 335215.7508873531 ; 916060.7146571056 ; 4.632606786948939E8 ; 6.788009895609155E8 ; 0.0
742 ; 335828.9351510729 ; 916060.7146571056 ; 4.6359589444578123E8 ; 6.797170502755725E8 ; 0.0
743 ; 338397.5392942676 ; 916060.7146571056 ; 4.6393172338093233E8 ; 6.806331109902296E8 ; 0.0
744 ; 339368.25916550425 ; 916060.7146571056 ; 4.642701209202266E8 ; 6.815491717048867E8 ; 0.0
745 ; 339780.841121647 ; 916060.7146571056 ; 4.646094891793921E8 ; 6.824652324195437E8 ; 0.0
746 ; 340840.7979645557 ; 916060.7146571056 ; 4.649492700205138E8 ; 6.833812931342008E8 ; 0.0
747 ; 343037.0647044146 ; 916060.7146571056 ; 4.6529011081847835E8 ; 6.842973538488579E8 ; 0.0
748 ; 343465.35893242434 ; 916060.7146571056 ; 4.6563314788318276E8 ; 6.85213414563515E8 ; 0.0
749 ; 345451.5434414418 ; 916060.7146571056 ; 4.659766132421152E8 ; 6.86129475278172E8 ; 0.0
750 ; 346135.67612516164 ; 916060.7146571056 ; 4.663220647855566E8 ; 6.870455359928291E8 ; 0.0
751 ; 346637.3655691235 ; 916060.7146571056 ; 4.666682004616818E8 ; 6.879615967074862E8 ; 0.0
752 ; 348663.04024749127 ; 916060.7146571056 ; 4.670148378272509E8 ; 6.888776574221432E8 ; 0.0
753 ; 348929.95990947215 ; 916060.7146571056 ; 4.673635008674984E8 ; 6.897937181368003E8 ; 0.0
754 ; 350585.4571910963 ; 916060.7146571056 ; 4.677124308274079E8 ; 6.907097788514574E8 ; 0.0
755 ; 351497.8161958967 ; 916060.7146571056 ; 4.68063016284599E8 ; 6.916258395661144E8 ; 0.0
756 ; 351035.5834204848 ; 916060.7146571056 ; 4.684145141007949E8 ; 6.925419002807715E8 ; 0.0
757 ; 353413.4269490256 ; 916060.7146571056 ; 4.6876554968421537E8 ; 6.934579609954286E8 ; 0.0
758 ; 355273.71392997354 ; 916060.7146571056 ; 4.691189631111644E8 ; 6.943740217100856E8 ; 0.0
759 ; 355726.73263664445 ; 916060.7146571056 ; 4.6947423682509434E8 ; 6.952900824247427E8 ; 0.0
760 ; 356518.47475760785 ; 916060.7146571056 ; 4.69829963557731E8 ; 6.962061431393998E8 ; 0.0
761 ; 357507.1491718334 ; 916060.7146571056 ; 4.701864820324886E8 ; 6.971222038540568E8 ; 0.0
762 ; 358438.5001067963 ; 916060.7146571056 ; 4.705439891816604E8 ; 6.980382645687139E8 ; 0.0
763 ; 360143.6211335389 ; 916060.7146571056 ; 4.709024276817672E8 ; 6.98954325283371E8 ; 0.0
764 ; 360574.7177250147 ; 916060.7146571056 ; 4.712625713029008E8 ; 6.99870385998028E8 ; 0.0
765 ; 361726.3169531834 ; 916060.7146571056 ; 4.716231460206258E8 ; 7.007864467126851E8 ; 0.0
766 ; 362222.3966337669 ; 916060.7146571056 ; 4.71984872337579E8 ; 7.017025074273422E8 ; 0.0
767 ; 363109.45350527996 ; 916060.7146571056 ; 4.7234709473421276E8 ; 7.026185681419992E8 ; 0.0
768 ; 364269.47627433774 ; 916060.7146571056 ; 4.7271020418771803E8 ; 7.035346288566563E8 ; 0.0
769 ; 365049.54579254065 ; 916060.7146571056 ; 4.7307447366399235E8 ; 7.044506895713134E8 ; 0.0
770 ; 365455.97418033495 ; 916060.7146571056 ; 4.7343952320978487E8 ; 7.053667502859704E8 ; 0.0
771 ; 366858.6184561887 ; 916060.7146571056 ; 4.738049791839652E8 ; 7.062828110006275E8 ; 0.0
772 ; 367060.97682072164 ; 916060.7146571056 ; 4.741718378024214E8 ; 7.071988717152846E8 ; 0.0
773 ; 367521.6345995959 ; 916060.7146571056 ; 4.745388987792421E8 ; 7.081149324299417E8 ; 0.0
774 ; 368513.17951252084 ; 916060.7146571056 ; 4.7490642041384166E8 ; 7.090309931445987E8 ; 0.0
775 ; 369450.403452372 ; 916060.7146571056 ; 4.7527493359335417E8 ; 7.099470538592558E8 ; 0.0
776 ; 370768.5149777137 ; 916060.7146571056 ; 4.7564438399680656E8 ; 7.108631145739129E8 ; 0.0
777 ; 371021.02242638124 ; 916060.7146571056 ; 4.7601515251178426E8 ; 7.117791752885699E8 ; 0.0
778 ; 371748.4947030587 ; 916060.7146571056 ; 4.763861735342106E8 ; 7.12695236003227E8 ; 0.0
779 ; 372571.13757511566 ; 916060.7146571056 ; 4.767579220289137E8 ; 7.136112967178841E8 ; 0.0
780 ; 373846.4997239169 ; 916060.7146571056 ; 4.7713049316648877E8 ; 7.145273574325411E8 ; 0.0
781 ; 374637.2706059343 ; 916060.7146571056 ; 4.775043396662127E8 ; 7.154434181471982E8 ; 0.0
782 ; 375642.467831039 ; 916060.7146571056 ; 4.778789769368186E8 ; 7.163594788618553E8 ; 0.0
783 ; 376043.5265045785 ; 916060.7146571056 ; 4.782546194046496E8 ; 7.172755395765123E8 ; 0.0
784 ; 377395.5045876028 ; 916060.7146571056 ; 4.786306629311542E8 ; 7.181916002911694E8 ; 0.0
785 ; 378140.2315074442 ; 916060.7146571056 ; 4.790080584357418E8 ; 7.191076610058265E8 ; 0.0
786 ; 380312.63507733314 ; 916060.7146571056 ; 4.793861986672492E8 ; 7.200237217204835E8 ; 0.0
787 ; 380158.9060164724 ; 916060.7146571056 ; 4.7976651130232656E8 ; 7.209397824351406E8 ; 0.0
788 ; 381330.1772206395 ; 916060.7146571056 ; 4.80146670208343E8 ; 7.218558431497977E8 ; 0.0
789 ; 381406.6923668207 ; 916060.7146571056 ; 4.805280003855637E8 ; 7.227719038644547E8 ; 0.0
790 ; 382986.31068860093 ; 916060.7146571056 ; 4.809094070779305E8 ; 7.236879645791118E8 ; 0.0
791 ; 383823.40958667645 ; 916060.7146571056 ; 4.812923933886191E8 ; 7.246040252937689E8 ; 0.0
792 ; 383884.9126365392 ; 916060.7146571056 ; 4.816762167982058E8 ; 7.25520086008426E8 ; 0.0
793 ; 384061.16747134493 ; 916060.7146571056 ; 4.820601017108423E8 ; 7.26436146723083E8 ; 0.0
794 ; 385132.1231812248 ; 916060.7146571056 ; 4.8244416287831366E8 ; 7.273522074377401E8 ; 0.0
795 ; 385551.9071870793 ; 916060.7146571056 ; 4.828292950014949E8 ; 7.282682681523972E8 ; 0.0
796 ; 387570.6042960279 ; 916060.7146571056 ; 4.83214846908682E8 ; 7.291843288670542E8 ; 0.0
797 ; 388231.68819340493 ; 916060.7146571056 ; 4.83602417512978E8 ; 7.301003895817113E8 ; 0.0
798 ; 388584.2229006569 ; 916060.7146571056 ; 4.839906492011714E8 ; 7.310164502963684E8 ; 0.0
799 ; 390285.1016103737 ; 916060.7146571056 ; 4.84379233424072E8 ; 7.319325110110254E8 ; 0.0
800 ; 391211.3426327344 ; 916060.7146571056 ; 4.847695185256824E8 ; 7.328485717256825E8 ; 0.0
801 ; 391728.8622932727 ; 916060.7146571056 ; 4.851607298683151E8 ; 7.337646324403396E8 ; 0.0
802 ; 393592.1637423163 ; 916060.7146571056 ; 4.8555245873060834E8 ; 7.346806931549966E8 ; 0.0
803 ; 394566.0001046181 ; 916060.7146571056 ; 4.8594605089435065E8 ; 7.355967538696537E8 ; 0.0
804 ; 394683.02210458857 ; 916060.7146571056 ; 4.8634061689445525E8 ; 7.365128145843108E8 ; 0.0
805 ; 395866.52068794455 ; 916060.7146571056 ; 4.867352999165598E8 ; 7.374288752989678E8 ; 0.0
806 ; 396735.97352893464 ; 916060.7146571056 ; 4.8713116643724775E8 ; 7.383449360136249E8 ; 0.0
807 ; 397523.79720794666 ; 916060.7146571056 ; 4.875279024107767E8 ; 7.39260996728282E8 ; 0.0
808 ; 397433.8871644096 ; 916060.7146571056 ; 4.879254262079846E8 ; 7.40177057442939E8 ; 0.0
809 ; 398454.6265268962 ; 916060.7146571056 ; 4.8832286009514904E8 ; 7.410931181575961E8 ; 0.0
810 ; 399270.39316737815 ; 916060.7146571056 ; 4.8872131472167593E8 ; 7.420091788722532E8 ; 0.0
811 ; 399678.14017889765 ; 916060.7146571056 ; 4.891205851148433E8 ; 7.429252395869102E8 ; 0.0
812 ; 400799.49734138796 ; 916060.7146571056 ; 4.895202632550222E8 ; 7.438413003015673E8 ; 0.0
813 ; 401663.3268944676 ; 916060.7146571056 ; 4.899210627523636E8 ; 7.447573610162244E8 ; 0.0
814 ; 401850.77108785213 ; 916060.7146571056 ; 4.903227260792581E8 ; 7.456734217308815E8 ; 0.0
815 ; 402815.044736096 ; 916060.7146571056 ; 4.907245768503459E8 ; 7.465894824455385E8 ; 0.0
816 ; 403122.8356369349 ; 916060.7146571056 ; 4.91127391895082E8 ; 7.475055431601956E8 ; 0.0
817 ; 403375.0623336622 ; 916060.7146571056 ; 4.915305147307189E8 ; 7.484216038748527E8 ; 0.0
818 ; 404333.81926920987 ; 916060.7146571056 ; 4.9193388979305255E8 ; 7.493376645895097E8 ; 0.0
819 ; 403742.5090384382 ; 916060.7146571056 ; 4.9233822361232173E8 ; 7.502537253041668E8 ; 0.0
820 ; 405259.31268205564 ; 916060.7146571056 ; 4.927419661213602E8 ; 7.511697860188239E8 ; 0.0
821 ; 404984.3910508533 ; 916060.7146571056 ; 4.931472254340422E8 ; 7.520858467334809E8 ; 0.0
822 ; 405775.38589917467 ; 916060.7146571056 ; 4.935522098250931E8 ; 7.53001907448138E8 ; 0.0
823 ; 406240.3261782949 ; 916060.7146571056 ; 4.939579852109923E8 ; 7.539179681627951E8 ; 0.0
824 ; 407375.4261584177 ; 916060.7146571056 ; 4.943642255371706E8 ; 7.548340288774521E8 ; 0.0
825 ; 408191.25574873446 ; 916060.7146571056 ; 4.94771600963329E8 ; 7.557500895921092E8 ; 0.0
826 ; 408090.228108986 ; 916060.7146571056 ; 4.9517979221907777E8 ; 7.566661503067663E8 ; 0.0
827 ; 408996.2192649144 ; 916060.7146571056 ; 4.9558788244718677E8 ; 7.575822110214233E8 ; 0.0
828 ; 410715.5322905499 ; 916060.7146571056 ; 4.959968786664517E8 ; 7.584982717360804E8 ; 0.0
829 ; 411134.5201754714 ; 916060.7146571056 ; 4.964075941987423E8 ; 7.594143324507375E8 ; 0.0
830 ; 411219.2736202774 ; 916060.7146571056 ; 4.968187287189177E8 ; 7.603303931653945E8 ; 0.0
831 ; 412060.7919739579 ; 916060.7146571056 ; 4.97229947992538E8 ; 7.612464538800516E8 ; 0.0
832 ; 412677.5282645191 ; 916060.7146571056 ; 4.976420087845119E8 ; 7.621625145947087E8 ; 0.0
833 ; 413960.4670262504 ; 916060.7146571056 ; 4.9805468631277645E8 ; 7.630785753093657E8 ; 0.0
834 ; 414211.1716393106 ; 916060.7146571056 ; 4.984686467798027E8 ; 7.639946360240228E8 ; 0.0
835 ; 415615.1622960928 ; 916060.7146571056 ; 4.98882857951442E8 ; 7.649106967386799E8 ; 0.0
836 ; 417815.63280882046 ; 916060.7146571056 ; 4.992984731137381E8 ; 7.65826757453337E8 ; 0.0
837 ; 417455.5941117377 ; 916060.7146571056 ; 4.997162887465469E8 ; 7.66742818167994E8 ; 0.0
838 ; 419240.0822712098 ; 916060.7146571056 ; 5.0013374434065866E8 ; 7.676588788826511E8 ; 0.0
839 ; 419066.13494846807 ; 916060.7146571056 ; 5.005529844229299E8 ; 7.685749395973082E8 ; 0.0
840 ; 419211.0249595593 ; 916060.7146571056 ; 5.009720505578784E8 ; 7.694910003119652E8 ; 0.0
841 ; 420461.2510272211 ; 916060.7146571056 ; 5.0139126158283794E8 ; 7.704070610266223E8 ; 0.0
842 ; 421559.21869499783 ; 916060.7146571056 ; 5.0181172283386517E8 ; 7.713231217412794E8 ; 0.0
843 ; 421902.3502806432 ; 916060.7146571056 ; 5.0223328205256015E8 ; 7.722391824559364E8 ; 0.0
844 ; 422146.13803741074 ; 916060.7146571056 ; 5.026551844028408E8 ; 7.731552431705935E8 ; 0.0
845 ; 422354.3849173251 ; 916060.7146571056 ; 5.030773305408782E8 ; 7.740713038852506E8 ; 0.0
846 ; 423584.26026659226 ; 916060.7146571056 ; 5.034996849257955E8 ; 7.749873645999076E8 ; 0.0
847 ; 424703.3888780329 ; 916060.7146571056 ; 5.039232691860621E8 ; 7.759034253145647E8 ; 0.0
848 ; 424463.9089277263 ; 916060.7146571056 ; 5.0434797257494015E8 ; 7.768194860292218E8 ; 0.0
849 ; 425445.80746611557 ; 916060.7146571056 ; 5.047724364838679E8 ; 7.777355467438788E8 ; 0.0
850 ; 426864.25825485477 ; 916060.7146571056 ; 5.05197882291334E8 ; 7.786516074585359E8 ; 0.0
851 ; 427579.5581191879 ; 916060.7146571056 ; 5.056247465495888E8 ; 7.79567668173193E8 ; 0.0
852 ; 428383.38145443704 ; 916060.7146571056 ; 5.06052326107708E8 ; 7.8048372888785E8 ; 0.0
853 ; 428644.1052888676 ; 916060.7146571056 ; 5.064807094891624E8 ; 7.813997896025071E8 ; 0.0
854 ; 428386.5263715698 ; 916060.7146571056 ; 5.0690935359445125E8 ; 7.823158503171642E8 ; 0.0
855 ; 428583.19036090584 ; 916060.7146571056 ; 5.0733774012082285E8 ; 7.832319110318213E8 ; 0.0
856 ; 430385.84800065734 ; 916060.7146571056 ; 5.0776632331118375E8 ; 7.841479717464783E8 ; 0.0
857 ; 430467.6919439922 ; 916060.7146571056 ; 5.081967091591844E8 ; 7.850640324611354E8 ; 0.0
858 ; 432471.0148939297 ; 916060.7146571056 ; 5.086271768511284E8 ; 7.859800931757925E8 ; 0.0
859 ; 432177.63667459186 ; 916060.7146571056 ; 5.0905964786602235E8 ; 7.868961538904495E8 ; 0.0
860 ; 433141.1283393354 ; 916060.7146571056 ; 5.0949182550269693E8 ; 7.878122146051066E8 ; 0.0
861 ; 432352.9510520347 ; 916060.7146571056 ; 5.099249666310363E8 ; 7.887282753197637E8 ; 0.0
862 ; 433282.7356388684 ; 916060.7146571056 ; 5.103573195820883E8 ; 7.896443360344207E8 ; 0.0
863 ; 434547.9342485597 ; 916060.7146571056 ; 5.1079060231772715E8 ; 7.905603967490778E8 ; 0.0
864 ; 434925.8160935355 ; 916060.7146571056 ; 5.112251502519757E8 ; 7.914764574637349E8 ; 0.0
865 ; 435954.4938597596 ; 916060.7146571056 ; 5.116600760680693E8 ; 7.923925181783919E8 ; 0.0
866 ; 436946.817834261 ; 916060.7146571056 ; 5.1209603056192905E8 ; 7.93308578893049E8 ; 0.0
867 ; 438600.26309334225 ; 916060.7146571056 ; 5.125329773797633E8 ; 7.942246396077061E8 ; 0.0
868 ; 439094.6280251815 ; 916060.7146571056 ; 5.1297157764285666E8 ; 7.951407003223631E8 ; 0.0
869 ; 440135.83490373223 ; 916060.7146571056 ; 5.1341067227088183E8 ; 7.960567610370202E8 ; 0.0
870 ; 440933.57544839894 ; 916060.7146571056 ; 5.1385080810578555E8 ; 7.969728217516773E8 ; 0.0
871 ; 442610.8601604611 ; 916060.7146571056 ; 5.1429174168123394E8 ; 7.978888824663343E8 ; 0.0
872 ; 443796.7334931278 ; 916060.7146571056 ; 5.147343525413944E8 ; 7.988049431809914E8 ; 0.0
873 ; 446360.3538562283 ; 916060.7146571056 ; 5.1517814927488756E8 ; 7.997210038956485E8 ; 0.0
874 ; 447701.35173351923 ; 916060.7146571056 ; 5.1562450962874377E8 ; 8.006370646103055E8 ; 0.0
875 ; 447870.911948624 ; 916060.7146571056 ; 5.160722109804773E8 ; 8.015531253249626E8 ; 0.0
876 ; 450019.64998712414 ; 916060.7146571056 ; 5.165200818924259E8 ; 8.024691860396197E8 ; 0.0
877 ; 450940.6643726592 ; 916060.7146571056 ; 5.16970101542413E8 ; 8.033852467542768E8 ; 0.0
878 ; 452345.6925529137 ; 916060.7146571056 ; 5.174210422067857E8 ; 8.043013074689338E8 ; 0.0
879 ; 453441.6410175054 ; 916060.7146571056 ; 5.178733878993386E8 ; 8.052173681835909E8 ; 0.0
880 ; 454050.7909362486 ; 916060.7146571056 ; 5.183268295403561E8 ; 8.06133428898248E8 ; 0.0
881 ; 455596.11772531667 ; 916060.7146571056 ; 5.1878088033129233E8 ; 8.07049489612905E8 ; 0.0
882 ; 456435.56748359086 ; 916060.7146571056 ; 5.1923647644901764E8 ; 8.079655503275621E8 ; 0.0
883 ; 457092.8086527887 ; 916060.7146571056 ; 5.1969291201650125E8 ; 8.088816110422192E8 ; 0.0
884 ; 457857.55577936466 ; 916060.7146571056 ; 5.2015000482515407E8 ; 8.097976717568762E8 ; 0.0
885 ; 458324.17299396306 ; 916060.7146571056 ; 5.206078623809334E8 ; 8.107137324715333E8 ; 0.0
886 ; 458834.61600155866 ; 916060.7146571056 ; 5.2106618655392736E8 ; 8.116297931861904E8 ; 0.0
887 ; 461411.4387900084 ; 916060.7146571056 ; 5.215250211699289E8 ; 8.125458539008474E8 ; 0.0
888 ; 461198.2131018135 ; 916060.7146571056 ; 5.2198643260871893E8 ; 8.134619146155045E8 ; 0.0
889 ; 462827.5695770145 ; 916060.7146571056 ; 5.2244763082182074E8 ; 8.143779753301616E8 ; 0.0
890 ; 463675.65819235484 ; 916060.7146571056 ; 5.229104583913978E8 ; 8.152940360448186E8 ; 0.0
891 ; 463943.92186298285 ; 916060.7146571056 ; 5.233741340495901E8 ; 8.162100967594757E8 ; 0.0
892 ; 466097.4596816344 ; 916060.7146571056 ; 5.238380779714531E8 ; 8.171261574741328E8 ; 0.0
893 ; 467261.3307476673 ; 916060.7146571056 ; 5.243041754311347E8 ; 8.180422181887898E8 ; 0.0
894 ; 466152.25620753394 ; 916060.7146571056 ; 5.2477143676188236E8 ; 8.189582789034469E8 ; 0.0
895 ; 469128.5672076816 ; 916060.7146571056 ; 5.252375890180899E8 ; 8.19874339618104E8 ; 0.0
896 ; 468497.3758539135 ; 916060.7146571056 ; 5.257067175852976E8 ; 8.20790400332761E8 ; 0.0
897 ; 470107.81714404526 ; 916060.7146571056 ; 5.261752149611515E8 ; 8.217064610474181E8 ; 0.0
898 ; 471862.88734140893 ; 916060.7146571056 ; 5.266453227782955E8 ; 8.226225217620752E8 ; 0.0
899 ; 472536.34147383756 ; 916060.7146571056 ; 5.271171856656369E8 ; 8.235385824767323E8 ; 0.0
900 ; 473598.19463866286 ; 916060.7146571056 ; 5.275897220071107E8 ; 8.244546431913893E8 ; 0.0
901 ; 474365.90875951695 ; 916060.7146571056 ; 5.280633202017494E8 ; 8.253707039060464E8 ; 0.0
902 ; 475698.8256699351 ; 916060.7146571056 ; 5.285376861105089E8 ; 8.262867646207035E8 ; 0.0
903 ; 476833.81376687106 ; 916060.7146571056 ; 5.2901338493617886E8 ; 8.272028253353605E8 ; 0.0
904 ; 477510.15845456603 ; 916060.7146571056 ; 5.2949021874994576E8 ; 8.281188860500176E8 ; 0.0
905 ; 478014.2001010627 ; 916060.7146571056 ; 5.299677289084003E8 ; 8.290349467646747E8 ; 0.0
906 ; 479237.81076226546 ; 916060.7146571056 ; 5.304457431085014E8 ; 8.299510074793317E8 ; 0.0
907 ; 480973.20358968107 ; 916060.7146571056 ; 5.3092498091926366E8 ; 8.308670681939888E8 ; 0.0
908 ; 481319.4313676676 ; 916060.7146571056 ; 5.3140595412285334E8 ; 8.317831289086459E8 ; 0.0
909 ; 481340.8969389589 ; 916060.7146571056 ; 5.3188727355422103E8 ; 8.326991896233029E8 ; 0.0
910 ; 482368.24171460344 ; 916060.7146571056 ; 5.3236861445116E8 ; 8.3361525033796E8 ; 0.0
911 ; 483739.0065971372 ; 916060.7146571056 ; 5.328509826928746E8 ; 8.345313110526171E8 ; 0.0
912 ; 484361.2849447559 ; 916060.7146571056 ; 5.333347216994718E8 ; 8.354473717672741E8 ; 0.0
913 ; 485994.0033468409 ; 916060.7146571056 ; 5.3381908298441654E8 ; 8.363634324819312E8 ; 0.0
914 ; 487482.2692821082 ; 916060.7146571056 ; 5.343050769877634E8 ; 8.372794931965883E8 ; 0.0
915 ; 487951.28179144487 ; 916060.7146571056 ; 5.347925592570455E8 ; 8.381955539112453E8 ; 0.0
916 ; 488993.0760691339 ; 916060.7146571056 ; 5.3528051053883696E8 ; 8.391116146259024E8 ; 0.0
917 ; 489987.5011014922 ; 916060.7146571056 ; 5.357695036149061E8 ; 8.400276753405595E8 ; 0.0
918 ; 490148.5365378121 ; 916060.7146571056 ; 5.3625949111600757E8 ; 8.409437360552166E8 ; 0.0
919 ; 492279.0926268543 ; 916060.7146571056 ; 5.367496396525454E8 ; 8.418597967698736E8 ; 0.0
920 ; 493511.74808934703 ; 916060.7146571056 ; 5.372419187451723E8 ; 8.427758574845307E8 ; 0.0
921 ; 494274.86678158137 ; 916060.7146571056 ; 5.377354304932616E8 ; 8.436919181991878E8 ; 0.0
922 ; 495335.02476371086 ; 916060.7146571056 ; 5.382297053600432E8 ; 8.446079789138448E8 ; 0.0
923 ; 496720.786696366 ; 916060.7146571056 ; 5.387250403848069E8 ; 8.455240396285019E8 ; 0.0
924 ; 497990.43371930404 ; 916060.7146571056 ; 5.392217611715032E8 ; 8.46440100343159E8 ; 0.0
925 ; 497309.9435474934 ; 916060.7146571056 ; 5.397197516052225E8 ; 8.47356161057816E8 ; 0.0
926 ; 498389.75107801653 ; 916060.7146571056 ; 5.4021706154877E8 ; 8.482722217724731E8 ; 0.0
927 ; 499717.6350463285 ; 916060.7146571056 ; 5.40715451299848E8 ; 8.491882824871302E8 ; 0.0
928 ; 500059.12500454386 ; 916060.7146571056 ; 5.412151689348943E8 ; 8.501043432017872E8 ; 0.0
929 ; 500464.68848919554 ; 916060.7146571056 ; 5.417152280598989E8 ; 8.510204039164443E8 ; 0.0
930 ; 501364.4250488707 ; 916060.7146571056 ; 5.42215692748388E8 ; 8.519364646311014E8 ; 0.0
931 ; 502023.6614543271 ; 916060.7146571056 ; 5.427170571734369E8 ; 8.528525253457584E8 ; 0.0
932 ; 504316.4583883885 ; 916060.7146571056 ; 5.432190808348912E8 ; 8.537685860604155E8 ; 0.0
933 ; 504671.25942769134 ; 916060.7146571056 ; 5.437233972932796E8 ; 8.546846467750726E8 ; 0.0
934 ; 504237.70693434885 ; 916060.7146571056 ; 5.442280685527073E8 ; 8.556007074897296E8 ; 0.0
935 ; 505628.08006764844 ; 916060.7146571056 ; 5.447323062596416E8 ; 8.565167682043867E8 ; 0.0
936 ; 506736.2025775427 ; 916060.7146571056 ; 5.452379343397093E8 ; 8.574328289190438E8 ; 0.0
937 ; 507349.4195329334 ; 916060.7146571056 ; 5.457446705422869E8 ; 8.583488896337008E8 ; 0.0
938 ; 507934.1712285388 ; 916060.7146571056 ; 5.462520199618198E8 ; 8.592649503483579E8 ; 0.0
939 ; 509436.7117154822 ; 916060.7146571056 ; 5.467599541330483E8 ; 8.60181011063015E8 ; 0.0
940 ; 509870.7802923823 ; 916060.7146571056 ; 5.472693908447638E8 ; 8.61097071777672E8 ; 0.0
941 ; 510652.0839624988 ; 916060.7146571056 ; 5.477792616250561E8 ; 8.620131324923291E8 ; 0.0
942 ; 511731.88006748696 ; 916060.7146571056 ; 5.482899137090186E8 ; 8.629291932069862E8 ; 0.0
943 ; 513154.2308220524 ; 916060.7146571056 ; 5.48801645589086E8 ; 8.638452539216433E8 ; 0.0
944 ; 513306.461780299 ; 916060.7146571056 ; 5.493147998199081E8 ; 8.647613146363003E8 ; 0.0
945 ; 514974.48874045786 ; 916060.7146571056 ; 5.498281062816885E8 ; 8.656773753509574E8 ; 0.0
946 ; 516969.2073030935 ; 916060.7146571056 ; 5.503430807704289E8 ; 8.665934360656145E8 ; 0.0
947 ; 516202.78040253883 ; 916060.7146571056 ; 5.50860049977732E8 ; 8.675094967802715E8 ; 0.0
948 ; 517142.3833198673 ; 916060.7146571056 ; 5.513762527581345E8 ; 8.684255574949286E8 ; 0.0
949 ; 517988.0466127688 ; 916060.7146571056 ; 5.518933951414543E8 ; 8.693416182095857E8 ; 0.0
950 ; 518183.0535960329 ; 916060.7146571056 ; 5.524113831880671E8 ; 8.702576789242427E8 ; 0.0
951 ; 520094.1216343737 ; 916060.7146571056 ; 5.529295662416631E8 ; 8.711737396388998E8 ; 0.0
952 ; 520438.53444128396 ; 916060.7146571056 ; 5.534496603632975E8 ; 8.720898003535569E8 ; 0.0
953 ; 520404.71323007345 ; 916060.7146571056 ; 5.539700988977387E8 ; 8.730058610682139E8 ; 0.0
954 ; 521417.1080164598 ; 916060.7146571056 ; 5.544905036109688E8 ; 8.73921921782871E8 ; 0.0
955 ; 522478.76683081186 ; 916060.7146571056 ; 5.550119207189853E8 ; 8.748379824975281E8 ; 0.0
956 ; 524657.3568344214 ; 916060.7146571056 ; 5.555343994858161E8 ; 8.757540432121851E8 ; 0.0
957 ; 524341.5875677377 ; 916060.7146571056 ; 5.560590568426505E8 ; 8.766701039268422E8 ; 0.0
958 ; 524036.9230781984 ; 916060.7146571056 ; 5.565833984302182E8 ; 8.775861646414993E8 ; 0.0
959 ; 526118.7387699495 ; 916060.7146571056 ; 5.571074353532964E8 ; 8.785022253561563E8 ; 0.0
960 ; 526612.42259284 ; 916060.7146571056 ; 5.576335540920664E8 ; 8.794182860708134E8 ; 0.0
961 ; 527056.0275011457 ; 916060.7146571056 ; 5.581601665146593E8 ; 8.803343467854705E8 ; 0.0
962 ; 528195.7934862312 ; 916060.7146571056 ; 5.586872225421604E8 ; 8.812504075001276E8 ; 0.0
963 ; 528215.2533464867 ; 916060.7146571056 ; 5.592154183356466E8 ; 8.821664682147846E8 ; 0.0
964 ; 530232.8611939667 ; 916060.7146571056 ; 5.597436335889931E8 ; 8.830825289294417E8 ; 0.0
965 ; 530500.7119031893 ; 916060.7146571056 ; 5.602738664501871E8 ; 8.839985896440988E8 ; 0.0
966 ; 531300.3755731897 ; 916060.7146571056 ; 5.608043671620903E8 ; 8.849146503587558E8 ; 0.0
967 ; 533236.4825054314 ; 916060.7146571056 ; 5.613356675376635E8 ; 8.858307110734129E8 ; 0.0
968 ; 533334.0798490606 ; 916060.7146571056 ; 5.618689040201689E8 ; 8.8674677178807E8 ; 0.0
969 ; 534966.1841005381 ; 916060.7146571056 ; 5.624022381000179E8 ; 8.87662832502727E8 ; 0.0
970 ; 535748.5634635771 ; 916060.7146571056 ; 5.629372042841184E8 ; 8.885788932173841E8 ; 0.0
971 ; 536957.0542632212 ; 916060.7146571056 ; 5.63472952847582E8 ; 8.894949539320412E8 ; 0.0
972 ; 538777.4976764125 ; 916060.7146571056 ; 5.640099099018452E8 ; 8.904110146466982E8 ; 0.0
973 ; 539810.3786298753 ; 916060.7146571056 ; 5.645486873995216E8 ; 8.913270753613553E8 ; 0.0
974 ; 541087.3682063564 ; 916060.7146571056 ; 5.650884977781515E8 ; 8.922431360760124E8 ; 0.0
975 ; 541484.8689785731 ; 916060.7146571056 ; 5.656295851463579E8 ; 8.931591967906694E8 ; 0.0
976 ; 541910.0724098971 ; 916060.7146571056 ; 5.661710700153365E8 ; 8.940752575053265E8 ; 0.0
977 ; 543953.3536693318 ; 916060.7146571056 ; 5.667129800877464E8 ; 8.949913182199836E8 ; 0.0
978 ; 544147.851090545 ; 916060.7146571056 ; 5.672569334414157E8 ; 8.959073789346406E8 ; 0.0
979 ; 545237.5486009584 ; 916060.7146571056 ; 5.678010812925062E8 ; 8.968234396492977E8 ; 0.0
980 ; 546539.12807019 ; 916060.7146571056 ; 5.683463188411071E8 ; 8.977395003639548E8 ; 0.0
981 ; 547800.8565990035 ; 916060.7146571056 ; 5.688928579691774E8 ; 8.986555610786119E8 ; 0.0
982 ; 548882.9168947819 ; 916060.7146571056 ; 5.694406588257763E8 ; 8.995716217932689E8 ; 0.0
983 ; 549445.71372101 ; 916060.7146571056 ; 5.699895417426711E8 ; 9.00487682507926E8 ; 0.0
984 ; 551078.1282500409 ; 916060.7146571056 ; 5.705389874563922E8 ; 9.01403743222583E8 ; 0.0
985 ; 552749.754126311 ; 916060.7146571056 ; 5.710900655846422E8 ; 9.023198039372401E8 ; 0.0
986 ; 554133.582250594 ; 916060.7146571056 ; 5.716428153387685E8 ; 9.032358646518972E8 ; 0.0
987 ; 554070.9316871361 ; 916060.7146571056 ; 5.721969489210191E8 ; 9.041519253665543E8 ; 0.0
988 ; 555019.5357435821 ; 916060.7146571056 ; 5.727510198527062E8 ; 9.050679860812113E8 ; 0.0
989 ; 556387.7092524271 ; 916060.7146571056 ; 5.733060393884498E8 ; 9.059840467958684E8 ; 0.0
990 ; 557302.0531749156 ; 916060.7146571056 ; 5.738624270977023E8 ; 9.069001075105255E8 ; 0.0
991 ; 557719.870987867 ; 916060.7146571056 ; 5.744197291508772E8 ; 9.078161682251825E8 ; 0.0
992 ; 558522.1645850423 ; 916060.7146571056 ; 5.749774490218651E8 ; 9.087322289398396E8 ; 0.0
993 ; 560167.119884387 ; 916060.7146571056 ; 5.755359711864501E8 ; 9.096482896544967E8 ; 0.0
994 ; 560986.8969097984 ; 916060.7146571056 ; 5.760961383063345E8 ; 9.105643503691537E8 ; 0.0
995 ; 562102.7707268225 ; 916060.7146571056 ; 5.766571252032443E8 ; 9.114804110838108E8 ; 0.0
996 ; 562930.769727413 ; 916060.7146571056 ; 5.772192279739711E8 ; 9.123964717984679E8 ; 0.0
997 ; 563902.1574012315 ; 916060.7146571056 ; 5.777821587436986E8 ; 9.13312532513125E8 ; 0.0
998 ; 564606.9252263735 ; 916060.7146571056 ; 5.783460609010998E8 ; 9.14228593227782E8 ; 0.0
999 ; 564954.5340478825 ; 916060.7146571056 ; 5.789106678263261E8 ; 9.151446539424391E8 ; 0.0
1000 ; 565448.1625532497 ; 916060.7146571056 ; 5.79475622360374E8 ; 9.160607146570961E8 ; 0.0
1001 ; 566910.8234283006 ; 916060.7146571056 ; 5.800410705229272E8 ; 9.169767753717532E8 ; 0.0
1002 ; 566687.477349661 ; 916060.7146571056 ; 5.806079813463554E8 ; 9.178928360864103E8 ; 0.0
1003 ; 567685.6814072408 ; 916060.7146571056 ; 5.811746688237051E8 ; 9.188088968010674E8 ; 0.0
1004 ; 568771.8450664624 ; 916060.7146571056 ; 5.817423545051123E8 ; 9.197249575157244E8 ; 0.0
1005 ; 568653.2628566328 ; 916060.7146571056 ; 5.823111263501787E8 ; 9.206410182303815E8 ; 0.0
1006 ; 571105.4222553738 ; 916060.7146571056 ; 5.828797796130353E8 ; 9.215570789450386E8 ; 0.0
1007 ; 571063.2230257494 ; 916060.7146571056 ; 5.834508850352907E8 ; 9.224731396596956E8 ; 0.0
1008 ; 571085.5459592267 ; 916060.7146571056 ; 5.840219482583165E8 ; 9.233892003743527E8 ; 0.0
1009 ; 571013.6019636869 ; 916060.7146571056 ; 5.845930338042758E8 ; 9.243052610890098E8 ; 0.0
1010 ; 571740.1024772361 ; 916060.7146571056 ; 5.851640474062394E8 ; 9.252213218036668E8 ; 0.0
1011 ; 572832.067932559 ; 916060.7146571056 ; 5.857357875087166E8 ; 9.261373825183239E8 ; 0.0
1012 ; 572520.1553797815 ; 916060.7146571056 ; 5.863086195766492E8 ; 9.27053443232981E8 ; 0.0
1013 ; 573431.4150084405 ; 916060.7146571056 ; 5.86881139732029E8 ; 9.27969503947638E8 ; 0.0
1014 ; 575179.7762719096 ; 916060.7146571056 ; 5.874545711470374E8 ; 9.288855646622951E8 ; 0.0
1015 ; 575040.6335366776 ; 916060.7146571056 ; 5.880297509233093E8 ; 9.298016253769522E8 ; 0.0
1016 ; 576240.3171840815 ; 916060.7146571056 ; 5.88604791556846E8 ; 9.307176860916092E8 ; 0.0
1017 ; 577137.749861428 ; 916060.7146571056 ; 5.891810318740301E8 ; 9.316337468062663E8 ; 0.0
1018 ; 578087.0704937072 ; 916060.7146571056 ; 5.897581696238916E8 ; 9.325498075209234E8 ; 0.0
1019 ; 578560.5370037141 ; 916060.7146571056 ; 5.903362566943853E8 ; 9.334658682355804E8 ; 0.0
1020 ; 580420.8067246246 ; 916060.7146571056 ; 5.90914817231389E8 ; 9.343819289502375E8 ; 0.0
1021 ; 580580.2184343161 ; 916060.7146571056 ; 5.914952380381137E8 ; 9.352979896648946E8 ; 0.0
1022 ; 582039.8930860722 ; 916060.7146571056 ; 5.92075818256548E8 ; 9.362140503795516E8 ; 0.0
1023 ; 581792.6381448598 ; 916060.7146571056 ; 5.926578581496341E8 ; 9.371301110942087E8 ; 0.0
1024 ; 583858.6576756631 ; 916060.7146571056 ; 5.93239650787779E8 ; 9.380461718088658E8 ; 0.0
1025 ; 585393.3161618214 ; 916060.7146571056 ; 5.938235094454546E8 ; 9.389622325235229E8 ; 0.0
1026 ; 585505.3570891018 ; 916060.7146571056 ; 5.944089027616165E8 ; 9.398782932381799E8 ; 0.0
1027 ; 586634.7834970762 ; 916060.7146571056 ; 5.949944081187055E8 ; 9.40794353952837E8 ; 0.0
1028 ; 587479.3848556111 ; 916060.7146571056 ; 5.955810429022026E8 ; 9.41710414667494E8 ; 0.0
1029 ; 588272.9818735677 ; 916060.7146571056 ; 5.961685222870582E8 ; 9.426264753821511E8 ; 0.0
1030 ; 588923.2904967595 ; 916060.7146571056 ; 5.967567952689317E8 ; 9.435425360968082E8 ; 0.0
1031 ; 590672.6895075325 ; 916060.7146571056 ; 5.973457185594285E8 ; 9.444585968114653E8 ; 0.0
1032 ; 591526.8870933856 ; 916060.7146571056 ; 5.979363912489359E8 ; 9.453746575261223E8 ; 0.0
1033 ; 591688.3282228976 ; 916060.7146571056 ; 5.985279181360294E8 ; 9.462907182407794E8 ; 0.0
1034 ; 593517.079689751 ; 916060.7146571056 ; 5.991196064642522E8 ; 9.472067789554365E8 ; 0.0
1035 ; 593814.9027268271 ; 916060.7146571056 ; 5.99713123543942E8 ; 9.481228396700935E8 ; 0.0
1036 ; 594325.2240322483 ; 916060.7146571056 ; 6.003069384466687E8 ; 9.490389003847506E8 ; 0.0
1037 ; 594873.2050918695 ; 916060.7146571056 ; 6.00901263670701E8 ; 9.499549610994077E8 ; 0.0
1038 ; 595886.4755306023 ; 916060.7146571056 ; 6.014961368757929E8 ; 9.508710218140647E8 ; 0.0
1039 ; 596784.8897531678 ; 916060.7146571056 ; 6.020920233513235E8 ; 9.517870825287218E8 ; 0.0
1040 ; 597588.9311063198 ; 916060.7146571056 ; 6.026888082410767E8 ; 9.527031432433789E8 ; 0.0
1041 ; 598730.0962936955 ; 916060.7146571056 ; 6.03286397172183E8 ; 9.53619203958036E8 ; 0.0
1042 ; 599029.2067249492 ; 916060.7146571056 ; 6.038851272684767E8 ; 9.54535264672693E8 ; 0.0
1043 ; 599719.0488930186 ; 916060.7146571056 ; 6.044841564752017E8 ; 9.554513253873501E8 ; 0.0
1044 ; 601010.937556596 ; 916060.7146571056 ; 6.050838755240947E8 ; 9.563673861020072E8 ; 0.0
1045 ; 601434.1057587812 ; 916060.7146571056 ; 6.056848864616513E8 ; 9.572834468166642E8 ; 0.0
1046 ; 601560.7445560138 ; 916060.7146571056 ; 6.062863205674101E8 ; 9.581995075313213E8 ; 0.0
1047 ; 602174.095065849 ; 916060.7146571056 ; 6.068878813119662E8 ; 9.591155682459784E8 ; 0.0
1048 ; 601859.4338746837 ; 916060.7146571056 ; 6.07490055407032E8 ; 9.600316289606354E8 ; 0.0
1049 ; 602736.8934290741 ; 916060.7146571056 ; 6.080919148409067E8 ; 9.609476896752925E8 ; 0.0
1050 ; 603401.9448729904 ; 916060.7146571056 ; 6.086946517343358E8 ; 9.618637503899496E8 ; 0.0
1051 ; 604176.2488987396 ; 916060.7146571056 ; 6.092980536792088E8 ; 9.627798111046066E8 ; 0.0
1052 ; 605863.8862465305 ; 916060.7146571056 ; 6.099022299281075E8 ; 9.636958718192637E8 ; 0.0
1053 ; 606400.7811229726 ; 916060.7146571056 ; 6.105080938143541E8 ; 9.646119325339208E8 ; 0.0
1054 ; 606804.926768615 ; 916060.7146571056 ; 6.11114494595477E8 ; 9.655279932485778E8 ; 0.0
1055 ; 606493.673973936 ; 916060.7146571056 ; 6.117212995222456E8 ; 9.664440539632349E8 ; 0.0
1056 ; 607814.939385534 ; 916060.7146571056 ; 6.123277931962196E8 ; 9.67360114677892E8 ; 0.0
1057 ; 608503.2192825655 ; 916060.7146571056 ; 6.129356081356051E8 ; 9.68276175392549E8 ; 0.0
1058 ; 608845.3106131665 ; 916060.7146571056 ; 6.135441113548876E8 ; 9.691922361072061E8 ; 0.0
1059 ; 609546.0790102216 ; 916060.7146571056 ; 6.141529566655008E8 ; 9.701082968218632E8 ; 0.0
1060 ; 609701.3111942583 ; 916060.7146571056 ; 6.14762502744511E8 ; 9.710243575365202E8 ; 0.0
1061 ; 610929.6124620442 ; 916060.7146571056 ; 6.153722040557053E8 ; 9.719404182511773E8 ; 0.0
1062 ; 610693.9901463961 ; 916060.7146571056 ; 6.159831336681674E8 ; 9.728564789658344E8 ; 0.0
1063 ; 611225.8622508523 ; 916060.7146571056 ; 6.165938276583138E8 ; 9.737725396804914E8 ; 0.0
1064 ; 611421.5215387897 ; 916060.7146571056 ; 6.172050535205646E8 ; 9.746886003951485E8 ; 0.0
1065 ; 611593.6793993558 ; 916060.7146571056 ; 6.178164750421033E8 ; 9.756046611098056E8 ; 0.0
1066 ; 613849.4518162445 ; 916060.7146571056 ; 6.184280687215027E8 ; 9.765207218244627E8 ; 0.0
1067 ; 612942.183081302 ; 916060.7146571056 ; 6.190419181733189E8 ; 9.774367825391197E8 ; 0.0
1068 ; 612970.0458148917 ; 916060.7146571056 ; 6.196548603564001E8 ; 9.783528432537768E8 ; 0.0
1069 ; 614964.789156102 ; 916060.7146571056 ; 6.20267830402215E8 ; 9.792689039684339E8 ; 0.0
1070 ; 614500.0563458449 ; 916060.7146571056 ; 6.208827951913711E8 ; 9.801849646830909E8 ; 0.0
1071 ; 616150.8791023606 ; 916060.7146571056 ; 6.214972952477169E8 ; 9.81101025397748E8 ; 0.0
1072 ; 616634.3519949951 ; 916060.7146571056 ; 6.221134461268193E8 ; 9.820170861124051E8 ; 0.0
1073 ; 616351.6343560336 ; 916060.7146571056 ; 6.227300804788142E8 ; 9.829331468270621E8 ; 0.0
1074 ; 617978.4676913484 ; 916060.7146571056 ; 6.233464321131703E8 ; 9.838492075417192E8 ; 0.0
1075 ; 619376.2593878354 ; 916060.7146571056 ; 6.239644105808616E8 ; 9.847652682563763E8 ; 0.0
1076 ; 619623.3209697022 ; 916060.7146571056 ; 6.245837868402494E8 ; 9.856813289710333E8 ; 0.0
1077 ; 621258.1706787597 ; 916060.7146571056 ; 6.252034101612191E8 ; 9.865973896856904E8 ; 0.0
1078 ; 620630.5444008466 ; 916060.7146571056 ; 6.258246683318979E8 ; 9.875134504003475E8 ; 0.0
1079 ; 622798.914761697 ; 916060.7146571056 ; 6.264452988762987E8 ; 9.884295111150045E8 ; 0.0
1080 ; 622978.3531008284 ; 916060.7146571056 ; 6.270680977910603E8 ; 9.893455718296616E8 ; 0.0
1081 ; 622250.3676988003 ; 916060.7146571056 ; 6.276910761441611E8 ; 9.902616325443187E8 ; 0.0
1082 ; 623257.8342537272 ; 916060.7146571056 ; 6.283133265118599E8 ; 9.911776932589757E8 ; 0.0
1083 ; 624778.0153244134 ; 916060.7146571056 ; 6.289365843461136E8 ; 9.920937539736328E8 ; 0.0
1084 ; 625627.6977096731 ; 916060.7146571056 ; 6.295613623614379E8 ; 9.930098146882899E8 ; 0.0
1085 ; 626899.8155875016 ; 916060.7146571056 ; 6.301869900591476E8 ; 9.93925875402947E8 ; 0.0
1086 ; 626850.3329729127 ; 916060.7146571056 ; 6.308138898747351E8 ; 9.94841936117604E8 ; 0.0
1087 ; 628545.0870181322 ; 916060.7146571056 ; 6.31440740207708E8 ; 9.957579968322611E8 ; 0.0
1088 ; 627904.7796500886 ; 916060.7146571056 ; 6.320692852947261E8 ; 9.966740575469182E8 ; 0.0
1089 ; 629509.5582273483 ; 916060.7146571056 ; 6.326971900743762E8 ; 9.975901182615752E8 ; 0.0
1090 ; 630007.8757147744 ; 916060.7146571056 ; 6.333266996326035E8 ; 9.985061789762323E8 ; 0.0
1091 ; 630932.138273694 ; 916060.7146571056 ; 6.339567075083183E8 ; 9.994222396908894E8 ; 0.0
1092 ; 630935.3636853158 ; 916060.7146571056 ; 6.34587639646592E8 ; 1.0003383004055464E9 ; 0.0
1093 ; 630877.9369311647 ; 916060.7146571056 ; 6.352185750102774E8 ; 1.0012543611202035E9 ; 0.0
1094 ; 631996.0800921529 ; 916060.7146571056 ; 6.358494529472085E8 ; 1.0021704218348606E9 ; 0.0
1095 ; 632230.1794915315 ; 916060.7146571056 ; 6.364814490273007E8 ; 1.0030864825495176E9 ; 0.0
1096 ; 633589.7421336187 ; 916060.7146571056 ; 6.371136792067922E8 ; 1.0040025432641747E9 ; 0.0
1097 ; 634164.7789330715 ; 916060.7146571056 ; 6.377472689489259E8 ; 1.0049186039788318E9 ; 0.0
1098 ; 634031.1285256994 ; 916060.7146571056 ; 6.383814337278589E8 ; 1.0058346646934888E9 ; 0.0
1099 ; 635457.7430445581 ; 916060.7146571056 ; 6.390154648563846E8 ; 1.0067507254081459E9 ; 0.0
1100 ; 635556.9976511177 ; 916060.7146571056 ; 6.396509225994292E8 ; 1.007666786122803E9 ; 0.0
1101 ; 636726.944521073 ; 916060.7146571056 ; 6.402864795970803E8 ; 1.00858284683746E9 ; 0.0
1102 ; 637809.2171983438 ; 916060.7146571056 ; 6.409232065416014E8 ; 1.0094989075521171E9 ; 0.0
1103 ; 637442.5054042165 ; 916060.7146571056 ; 6.415610157587998E8 ; 1.0104149682667742E9 ; 0.0
1104 ; 637551.4506725048 ; 916060.7146571056 ; 6.42198458264204E8 ; 1.0113310289814312E9 ; 0.0
1105 ; 639171.6475430619 ; 916060.7146571056 ; 6.428360097148765E8 ; 1.0122470896960883E9 ; 0.0
1106 ; 640951.3807576383 ; 916060.7146571056 ; 6.434751813624196E8 ; 1.0131631504107454E9 ; 0.0
1107 ; 641683.5927248029 ; 916060.7146571056 ; 6.441161327431773E8 ; 1.0140792111254025E9 ; 0.0
1108 ; 643467.5542484843 ; 916060.7146571056 ; 6.447578163359021E8 ; 1.0149952718400595E9 ; 0.0
1109 ; 644088.0681321955 ; 916060.7146571056 ; 6.454012838901505E8 ; 1.0159113325547166E9 ; 0.0
1110 ; 645560.2856527959 ; 916060.7146571056 ; 6.460453719582827E8 ; 1.0168273932693737E9 ; 0.0
1111 ; 646214.0060274651 ; 916060.7146571056 ; 6.466909322439355E8 ; 1.0177434539840307E9 ; 0.0
1112 ; 648482.6951776526 ; 916060.7146571056 ; 6.473371462499629E8 ; 1.0186595146986878E9 ; 0.0
1113 ; 648116.8235320353 ; 916060.7146571056 ; 6.479856289451406E8 ; 1.0195755754133449E9 ; 0.0
1114 ; 648917.95020341 ; 916060.7146571056 ; 6.486337457686726E8 ; 1.0204916361280019E9 ; 0.0
1115 ; 649322.2836682388 ; 916060.7146571056 ; 6.49282663718876E8 ; 1.021407696842659E9 ; 0.0
1116 ; 650368.6970021996 ; 916060.7146571056 ; 6.499319860025443E8 ; 1.0223237575573161E9 ; 0.0
1117 ; 650488.0753777443 ; 916060.7146571056 ; 6.505823546995465E8 ; 1.0232398182719731E9 ; 0.0
1118 ; 652891.2777262822 ; 916060.7146571056 ; 6.512328427749242E8 ; 1.0241558789866302E9 ; 0.0
1119 ; 653920.8715158605 ; 916060.7146571056 ; 6.518857340526505E8 ; 1.0250719397012873E9 ; 0.0
1120 ; 654954.048197061 ; 916060.7146571056 ; 6.525396549241663E8 ; 1.0259880004159443E9 ; 0.0
1121 ; 656905.7343926589 ; 916060.7146571056 ; 6.531946089723634E8 ; 1.0269040611306014E9 ; 0.0
1122 ; 656678.6345999525 ; 916060.7146571056 ; 6.53851514706756E8 ; 1.0278201218452585E9 ; 0.0
1123 ; 656717.1980719059 ; 916060.7146571056 ; 6.545081933413559E8 ; 1.0287361825599155E9 ; 0.0
1124 ; 657799.22896121 ; 916060.7146571056 ; 6.551649105394279E8 ; 1.0296522432745726E9 ; 0.0
1125 ; 657827.9342616078 ; 916060.7146571056 ; 6.558227097683891E8 ; 1.0305683039892297E9 ; 0.0
1126 ; 659646.1216953659 ; 916060.7146571056 ; 6.564805377026507E8 ; 1.0314843647038867E9 ; 0.0
1127 ; 660616.6670525256 ; 916060.7146571056 ; 6.571401838243461E8 ; 1.0324004254185438E9 ; 0.0
1128 ; 661304.9500658204 ; 916060.7146571056 ; 6.578008004913986E8 ; 1.0333164861332009E9 ; 0.0
1129 ; 662430.6440286669 ; 916060.7146571056 ; 6.584621054414644E8 ; 1.034232546847858E9 ; 0.0
1130 ; 662844.0473924513 ; 916060.7146571056 ; 6.591245360854931E8 ; 1.035148607562515E9 ; 0.0
1131 ; 663715.0994988404 ; 916060.7146571056 ; 6.597873801328856E8 ; 1.0360646682771721E9 ; 0.0
1132 ; 663528.2563668693 ; 916060.7146571056 ; 6.604510952323844E8 ; 1.0369807289918292E9 ; 0.0
1133 ; 664170.5027060297 ; 916060.7146571056 ; 6.611146234887513E8 ; 1.0378967897064862E9 ; 0.0
1134 ; 665230.2690444182 ; 916060.7146571056 ; 6.617787939914573E8 ; 1.0388128504211433E9 ; 0.0
1135 ; 665243.8048592083 ; 916060.7146571056 ; 6.624440242605017E8 ; 1.0397289111358004E9 ; 0.0
1136 ; 666807.7333280763 ; 916060.7146571056 ; 6.631092680653609E8 ; 1.0406449718504574E9 ; 0.0
1137 ; 667316.9971643367 ; 916060.7146571056 ; 6.63776075798689E8 ; 1.0415610325651145E9 ; 0.0
1138 ; 668321.4862631711 ; 916060.7146571056 ; 6.644433927958534E8 ; 1.0424770932797716E9 ; 0.0
1139 ; 668919.9206188818 ; 916060.7146571056 ; 6.651117142821165E8 ; 1.0433931539944286E9 ; 0.0
1140 ; 709772.0995295207 ; 916060.7146571056 ; 6.657806342027354E8 ; 1.0443092147090857E9 ; 0.0
1141 ; 709674.6289801495 ; 916060.7146571056 ; 6.664904063022649E8 ; 1.0452252754237428E9 ; 0.0
1142 ; 711074.8382812032 ; 916060.7146571056 ; 6.672000809312451E8 ; 1.0461413361383998E9 ; 0.0
1143 ; 711759.0707600635 ; 916060.7146571056 ; 6.679111557695262E8 ; 1.0470573968530569E9 ; 0.0
1144 ; 712573.8442474175 ; 916060.7146571056 ; 6.686229148402863E8 ; 1.047973457567714E9 ; 0.0
1145 ; 713141.5508362575 ; 916060.7146571056 ; 6.693354886845337E8 ; 1.048889518282371E9 ; 0.0
1146 ; 714906.2974505652 ; 916060.7146571056 ; 6.700486302353699E8 ; 1.0498055789970281E9 ; 0.0
1147 ; 715822.6358914636 ; 916060.7146571056 ; 6.707635365328205E8 ; 1.0507216397116852E9 ; 0.0
1148 ; 715738.0626904815 ; 916060.7146571056 ; 6.714793591687119E8 ; 1.0516377004263422E9 ; 0.0
1149 ; 717446.7201043899 ; 916060.7146571056 ; 6.721950972314024E8 ; 1.0525537611409993E9 ; 0.0
1150 ; 717991.2140569265 ; 916060.7146571056 ; 6.729125439515067E8 ; 1.0534698218556564E9 ; 0.0
1151 ; 717558.4942980646 ; 916060.7146571056 ; 6.736305351655637E8 ; 1.0543858825703135E9 ; 0.0
1152 ; 719210.5345391746 ; 916060.7146571056 ; 6.743480936598618E8 ; 1.0553019432849705E9 ; 0.0
1153 ; 719612.0681659139 ; 916060.7146571056 ; 6.75067304194401E8 ; 1.0562180039996276E9 ; 0.0
1154 ; 720038.7379730791 ; 916060.7146571056 ; 6.757869162625669E8 ; 1.0571340647142847E9 ; 0.0
1155 ; 720765.3580729003 ; 916060.7146571056 ; 6.7650695500054E8 ; 1.0580501254289417E9 ; 0.0
1156 ; 722957.9940144566 ; 916060.7146571056 ; 6.772277203586129E8 ; 1.0589661861435988E9 ; 0.0
1157 ; 724697.4428456957 ; 916060.7146571056 ; 6.779506783526274E8 ; 1.0598822468582559E9 ; 0.0
1158 ; 725513.0924748516 ; 916060.7146571056 ; 6.786753757954731E8 ; 1.0607983075729129E9 ; 0.0
1159 ; 726105.7974880768 ; 916060.7146571056 ; 6.794008888879479E8 ; 1.06171436828757E9 ; 0.0
1160 ; 727845.4299448474 ; 916060.7146571056 ; 6.80126994685436E8 ; 1.0626304290022271E9 ; 0.0
1161 ; 728310.0180250775 ; 916060.7146571056 ; 6.808548401153809E8 ; 1.0635464897168841E9 ; 0.0
1162 ; 730226.6998939266 ; 916060.7146571056 ; 6.815831501334059E8 ; 1.0644625504315412E9 ; 0.0
1163 ; 730598.3416522333 ; 916060.7146571056 ; 6.823133768332999E8 ; 1.0653786111461983E9 ; 0.0
1164 ; 733036.0477777553 ; 916060.7146571056 ; 6.830439751749521E8 ; 1.0662946718608553E9 ; 0.0
1165 ; 733433.3411519327 ; 916060.7146571056 ; 6.837770112227299E8 ; 1.0672107325755124E9 ; 0.0
1166 ; 734915.3327849305 ; 916060.7146571056 ; 6.845104445638819E8 ; 1.0681267932901695E9 ; 0.0
1167 ; 735560.1961077276 ; 916060.7146571056 ; 6.852453598966668E8 ; 1.0690428540048265E9 ; 0.0
1168 ; 737148.1223668553 ; 916060.7146571056 ; 6.859809200927745E8 ; 1.0699589147194836E9 ; 0.0
1169 ; 737773.9838777765 ; 916060.7146571056 ; 6.867180682151414E8 ; 1.0708749754341407E9 ; 0.0
1170 ; 737727.0458965048 ; 916060.7146571056 ; 6.874558421990192E8 ; 1.0717910361487978E9 ; 0.0
1171 ; 739706.0502914581 ; 916060.7146571056 ; 6.881935692449157E8 ; 1.0727070968634548E9 ; 0.0
1172 ; 740430.901560481 ; 916060.7146571056 ; 6.889332752952071E8 ; 1.0736231575781119E9 ; 0.0
1173 ; 741333.7718435847 ; 916060.7146571056 ; 6.896737061967676E8 ; 1.074539218292769E9 ; 0.0
1174 ; 741798.7427645737 ; 916060.7146571056 ; 6.904150399686111E8 ; 1.075455279007426E9 ; 0.0
1175 ; 744301.9779757205 ; 916060.7146571056 ; 6.911568387113757E8 ; 1.076371339722083E9 ; 0.0
1176 ; 744124.4944549411 ; 916060.7146571056 ; 6.919011406893514E8 ; 1.0772874004367402E9 ; 0.0
1177 ; 744707.1218363108 ; 916060.7146571056 ; 6.926452651838064E8 ; 1.0782034611513972E9 ; 0.0
1178 ; 746214.509350291 ; 916060.7146571056 ; 6.933899723056427E8 ; 1.0791195218660543E9 ; 0.0
1179 ; 746946.0339559307 ; 916060.7146571056 ; 6.94136186814993E8 ; 1.0800355825807114E9 ; 0.0
1180 ; 747569.4040253937 ; 916060.7146571056 ; 6.94883132848949E8 ; 1.0809516432953684E9 ; 0.0
1181 ; 748055.6296687942 ; 916060.7146571056 ; 6.956307022529744E8 ; 1.0818677040100255E9 ; 0.0
1182 ; 748530.1812671255 ; 916060.7146571056 ; 6.963787578826432E8 ; 1.0827837647246826E9 ; 0.0
1183 ; 749528.1398451224 ; 916060.7146571056 ; 6.971272880639104E8 ; 1.0836998254393396E9 ; 0.0
1184 ; 751022.0007551452 ; 916060.7146571056 ; 6.978768162037555E8 ; 1.0846158861539967E9 ; 0.0
1185 ; 752358.9094459018 ; 916060.7146571056 ; 6.986278382045107E8 ; 1.0855319468686538E9 ; 0.0
1186 ; 751756.4248330728 ; 916060.7146571056 ; 6.993801971139566E8 ; 1.0864480075833108E9 ; 0.0
1187 ; 754180.6392067902 ; 916060.7146571056 ; 7.001319535387896E8 ; 1.087364068297968E9 ; 0.0
1188 ; 755131.6781578488 ; 916060.7146571056 ; 7.008861341779964E8 ; 1.088280129012625E9 ; 0.0
1189 ; 755143.6789432041 ; 916060.7146571056 ; 7.016412658561542E8 ; 1.089196189727282E9 ; 0.0
1190 ; 756753.0563737678 ; 916060.7146571056 ; 7.023964095350974E8 ; 1.090112250441939E9 ; 0.0
1191 ; 758326.0390879016 ; 916060.7146571056 ; 7.031531625914711E8 ; 1.0910283111565962E9 ; 0.0
1192 ; 758356.2750200717 ; 916060.7146571056 ; 7.03911488630559E8 ; 1.0919443718712533E9 ; 0.0
1193 ; 759383.3913237742 ; 916060.7146571056 ; 7.046698449055791E8 ; 1.0928604325859103E9 ; 0.0
1194 ; 761334.8868248552 ; 916060.7146571056 ; 7.054292282969029E8 ; 1.0937764933005674E9 ; 0.0
1195 ; 762046.9358359309 ; 916060.7146571056 ; 7.061905631837277E8 ; 1.0946925540152245E9 ; 0.0
1196 ; 763338.7797962198 ; 916060.7146571056 ; 7.069526101195637E8 ; 1.0956086147298815E9 ; 0.0
1197 ; 765098.7528747185 ; 916060.7146571056 ; 7.0771594889936E8 ; 1.0965246754445386E9 ; 0.0
1198 ; 765277.2162957914 ; 916060.7146571056 ; 7.084810476522347E8 ; 1.0974407361591957E9 ; 0.0
1199 ; 766567.4704892171 ; 916060.7146571056 ; 7.092463248685305E8 ; 1.0983567968738527E9 ; 0.0
1200 ; 768087.048695697 ; 916060.7146571056 ; 7.100128923390198E8 ; 1.0992728575885098E9 ; 0.0
1201 ; 768460.0391302041 ; 916060.7146571056 ; 7.107809793877155E8 ; 1.1001889183031669E9 ; 0.0
1202 ; 771037.6615226277 ; 916060.7146571056 ; 7.115494394268457E8 ; 1.101104979017824E9 ; 0.0
1203 ; 770845.517630623 ; 916060.7146571056 ; 7.123204770883683E8 ; 1.102021039732481E9 ; 0.0
1204 ; 772846.0286145832 ; 916060.7146571056 ; 7.130913226059989E8 ; 1.102937100447138E9 ; 0.0
1205 ; 774641.1341862106 ; 916060.7146571056 ; 7.138641686346135E8 ; 1.1038531611617951E9 ; 0.0
1206 ; 775317.3487983355 ; 916060.7146571056 ; 7.146388097687998E8 ; 1.1047692218764522E9 ; 0.0
1207 ; 777619.9490898635 ; 916060.7146571056 ; 7.154141271175982E8 ; 1.1056852825911093E9 ; 0.0
1208 ; 777655.0108170372 ; 916060.7146571056 ; 7.161917470666881E8 ; 1.1066013433057663E9 ; 0.0
1209 ; 780677.0503807528 ; 916060.7146571056 ; 7.169694020775051E8 ; 1.1075174040204234E9 ; 0.0
1210 ; 780984.3546991255 ; 916060.7146571056 ; 7.177500791278858E8 ; 1.1084334647350805E9 ; 0.0
1211 ; 782197.2562733457 ; 916060.7146571056 ; 7.18531063482585E8 ; 1.1093495254497375E9 ; 0.0
1212 ; 783713.663225394 ; 916060.7146571056 ; 7.193132607388583E8 ; 1.1102655861643946E9 ; 0.0
1213 ; 784209.6178054427 ; 916060.7146571056 ; 7.200969744020838E8 ; 1.1111816468790517E9 ; 0.0
1214 ; 785849.649652773 ; 916060.7146571056 ; 7.208811840198892E8 ; 1.1120977075937088E9 ; 0.0
1215 ; 787190.8875398593 ; 916060.7146571056 ; 7.21667033669542E8 ; 1.1130137683083658E9 ; 0.0
1216 ; 788140.4812555972 ; 916060.7146571056 ; 7.224542245570818E8 ; 1.113929829023023E9 ; 0.0
1217 ; 789715.5940754203 ; 916060.7146571056 ; 7.232423650383375E8 ; 1.11484588973768E9 ; 0.0
1218 ; 791600.8187151931 ; 916060.7146571056 ; 7.240320806324129E8 ; 1.115761950452337E9 ; 0.0
1219 ; 791948.2659562284 ; 916060.7146571056 ; 7.248236814511281E8 ; 1.116678011166994E9 ; 0.0
1220 ; 793609.5432889322 ; 916060.7146571056 ; 7.256156297170844E8 ; 1.1175940718816512E9 ; 0.0
1221 ; 795083.1679595727 ; 916060.7146571056 ; 7.264092392603734E8 ; 1.1185101325963082E9 ; 0.0
1222 ; 795872.8868706253 ; 916060.7146571056 ; 7.272043224283329E8 ; 1.1194261933109653E9 ; 0.0
1223 ; 796754.7471954441 ; 916060.7146571056 ; 7.280001953152035E8 ; 1.1203422540256224E9 ; 0.0
1224 ; 797680.7877746955 ; 916060.7146571056 ; 7.28796950062399E8 ; 1.1212583147402794E9 ; 0.0
1225 ; 798022.3849782747 ; 916060.7146571056 ; 7.295946308501737E8 ; 1.1221743754549365E9 ; 0.0
1226 ; 799527.5678768203 ; 916060.7146571056 ; 7.30392653235152E8 ; 1.1230904361695936E9 ; 0.0
1227 ; 800263.6709506294 ; 916060.7146571056 ; 7.311921808030288E8 ; 1.1240064968842506E9 ; 0.0
1228 ; 801701.7803954533 ; 916060.7146571056 ; 7.319924444739795E8 ; 1.1249225575989077E9 ; 0.0
1229 ; 803603.3620933472 ; 916060.7146571056 ; 7.32794146254375E8 ; 1.1258386183135648E9 ; 0.0
1230 ; 804810.5580921506 ; 916060.7146571056 ; 7.335977496164683E8 ; 1.1267546790282218E9 ; 0.0
1231 ; 805969.5673171185 ; 916060.7146571056 ; 7.344025601745604E8 ; 1.127670739742879E9 ; 0.0
1232 ; 807032.3448635362 ; 916060.7146571056 ; 7.352085297418776E8 ; 1.128586800457536E9 ; 0.0
1233 ; 809037.7169667055 ; 916060.7146571056 ; 7.360155620867411E8 ; 1.129502861172193E9 ; 0.0
1234 ; 809971.0103633535 ; 916060.7146571056 ; 7.368245998037078E8 ; 1.13041892188685E9 ; 0.0
1235 ; 811774.5887085011 ; 916060.7146571056 ; 7.376345708140712E8 ; 1.1313349826015072E9 ; 0.0
1236 ; 812995.2094286607 ; 916060.7146571056 ; 7.384463454027797E8 ; 1.1322510433161643E9 ; 0.0
1237 ; 814173.9739389219 ; 916060.7146571056 ; 7.392593406122084E8 ; 1.1331671040308213E9 ; 0.0
1238 ; 814756.0842997681 ; 916060.7146571056 ; 7.400735145861473E8 ; 1.1340831647454784E9 ; 0.0
1239 ; 816942.9217197783 ; 916060.7146571056 ; 7.408882706704471E8 ; 1.1349992254601355E9 ; 0.0
1240 ; 817007.2942786848 ; 916060.7146571056 ; 7.417052135921669E8 ; 1.1359152861747925E9 ; 0.0
1241 ; 818112.4764703773 ; 916060.7146571056 ; 7.425222208864456E8 ; 1.1368313468894496E9 ; 0.0
1242 ; 818645.7192786408 ; 916060.7146571056 ; 7.43340333362916E8 ; 1.1377474076041067E9 ; 0.0
1243 ; 819960.5386191128 ; 916060.7146571056 ; 7.441589790821947E8 ; 1.1386634683187637E9 ; 0.0
1244 ; 820625.4043222402 ; 916060.7146571056 ; 7.449789396208138E8 ; 1.1395795290334208E9 ; 0.0
1245 ; 822195.2290937833 ; 916060.7146571056 ; 7.457995650251361E8 ; 1.1404955897480779E9 ; 0.0
1246 ; 822212.2996491808 ; 916060.7146571056 ; 7.466217602542299E8 ; 1.141411650462735E9 ; 0.0
1247 ; 822793.9609813677 ; 916060.7146571056 ; 7.474439725538791E8 ; 1.142327711177392E9 ; 0.0
1248 ; 824793.8612712446 ; 916060.7146571056 ; 7.482667665148605E8 ; 1.143243771892049E9 ; 0.0
1249 ; 825576.6925469466 ; 916060.7146571056 ; 7.490915603761318E8 ; 1.1441598326067061E9 ; 0.0
1250 ; 825857.2235800313 ; 916060.7146571056 ; 7.499171370686787E8 ; 1.1450758933213632E9 ; 0.0
1251 ; 826053.2761388775 ; 916060.7146571056 ; 7.507429942922587E8 ; 1.1459919540360203E9 ; 0.0
1252 ; 827520.0644803086 ; 916060.7146571056 ; 7.515690475683976E8 ; 1.1469080147506773E9 ; 0.0
1253 ; 827109.6422304965 ; 916060.7146571056 ; 7.52396567632878E8 ; 1.1478240754653344E9 ; 0.0
1254 ; 828946.7970907319 ; 916060.7146571056 ; 7.532236772751085E8 ; 1.1487401361799915E9 ; 0.0
1255 ; 829792.4363867866 ; 916060.7146571056 ; 7.540526240721992E8 ; 1.1496561968946486E9 ; 0.0
1256 ; 830764.5530480011 ; 916060.7146571056 ; 7.54882416508586E8 ; 1.1505722576093056E9 ; 0.0
1257 ; 831313.5063197442 ; 916060.7146571056 ; 7.557131810616341E8 ; 1.1514883183239627E9 ; 0.0
1258 ; 832744.6741024328 ; 916060.7146571056 ; 7.565444945679538E8 ; 1.1524043790386198E9 ; 0.0
1259 ; 833811.7170498507 ; 916060.7146571056 ; 7.573772392420563E8 ; 1.1533204397532768E9 ; 0.0
1260 ; 795110.9548579099 ; 916060.7146571056 ; 7.582110509591061E8 ; 1.154236500467934E9 ; 0.0
1261 ; 796593.8043244048 ; 916060.7146571056 ; 7.59006161913964E8 ; 1.155152561182591E9 ; 0.0
1262 ; 796846.859126635 ; 916060.7146571056 ; 7.598027557182884E8 ; 1.156068621897248E9 ; 0.0
1263 ; 797553.2949762918 ; 916060.7146571056 ; 7.605996025774151E8 ; 1.156984682611905E9 ; 0.0
1264 ; 799766.9314765064 ; 916060.7146571056 ; 7.613971558723913E8 ; 1.1579007433265622E9 ; 0.0
1265 ; 800494.2158610647 ; 916060.7146571056 ; 7.621969228038678E8 ; 1.1588168040412192E9 ; 0.0
1266 ; 800903.4260151503 ; 916060.7146571056 ; 7.629974170197289E8 ; 1.1597328647558763E9 ; 0.0
1267 ; 800923.3038194813 ; 916060.7146571056 ; 7.63798320445744E8 ; 1.1606489254705334E9 ; 0.0
1268 ; 800908.203969329 ; 916060.7146571056 ; 7.645992437495636E8 ; 1.1615649861851904E9 ; 0.0
1269 ; 801910.9760363217 ; 916060.7146571056 ; 7.654001519535329E8 ; 1.1624810468998475E9 ; 0.0
1270 ; 803153.1058687977 ; 916060.7146571056 ; 7.662020629295692E8 ; 1.1633971076145046E9 ; 0.0
1271 ; 804132.349069401 ; 916060.7146571056 ; 7.670052160354381E8 ; 1.1643131683291616E9 ; 0.0
1272 ; 805678.489979686 ; 916060.7146571056 ; 7.678093483845074E8 ; 1.1652292290438187E9 ; 0.0
1273 ; 805293.9262796886 ; 916060.7146571056 ; 7.686150268744872E8 ; 1.1661452897584758E9 ; 0.0
1274 ; 806722.3740464344 ; 916060.7146571056 ; 7.694203208007668E8 ; 1.1670613504731328E9 ; 0.0
1275 ; 807707.8973005124 ; 916060.7146571056 ; 7.702270431748133E8 ; 1.16797741118779E9 ; 0.0
1276 ; 809101.6285299382 ; 916060.7146571056 ; 7.710347510721138E8 ; 1.168893471902447E9 ; 0.0
1277 ; 809570.7058069946 ; 916060.7146571056 ; 7.718438527006437E8 ; 1.169809532617104E9 ; 0.0
1278 ; 810451.1322375231 ; 916060.7146571056 ; 7.726534234064506E8 ; 1.1707255933317611E9 ; 0.0
1279 ; 811775.7930388037 ; 916060.7146571056 ; 7.734638745386882E8 ; 1.1716416540464182E9 ; 0.0
1280 ; 812522.6765522866 ; 916060.7146571056 ; 7.74275650331727E8 ; 1.1725577147610753E9 ; 0.0
1281 ; 812620.8565873426 ; 916060.7146571056 ; 7.750881730082793E8 ; 1.1734737754757323E9 ; 0.0
1282 ; 813318.2957868611 ; 916060.7146571056 ; 7.759007938648666E8 ; 1.1743898361903894E9 ; 0.0
1283 ; 814545.6065549176 ; 916060.7146571056 ; 7.767141121606535E8 ; 1.1753058969050465E9 ; 0.0
1284 ; 814856.1046259621 ; 916060.7146571056 ; 7.775286577672083E8 ; 1.1762219576197035E9 ; 0.0
1285 ; 815620.762756962 ; 916060.7146571056 ; 7.783435138718343E8 ; 1.1771380183343606E9 ; 0.0
1286 ; 815692.9617590248 ; 916060.7146571056 ; 7.791591346345912E8 ; 1.1780540790490177E9 ; 0.0
1287 ; 815858.8638813986 ; 916060.7146571056 ; 7.799748275963502E8 ; 1.1789701397636747E9 ; 0.0
1288 ; 816380.0215162096 ; 916060.7146571056 ; 7.807906864602315E8 ; 1.1798862004783318E9 ; 0.0
1289 ; 818601.3983645801 ; 916060.7146571056 ; 7.816070664817477E8 ; 1.1808022611929889E9 ; 0.0
1290 ; 816957.4469615046 ; 916060.7146571056 ; 7.824256678801123E8 ; 1.181718321907646E9 ; 0.0
1291 ; 818728.2996963674 ; 916060.7146571056 ; 7.832426253270738E8 ; 1.182634382622303E9 ; 0.0
1292 ; 818957.1839792666 ; 916060.7146571056 ; 7.840613536267701E8 ; 1.18355044333696E9 ; 0.0
1293 ; 819070.7618589492 ; 916060.7146571056 ; 7.848803108107494E8 ; 1.1844665040516171E9 ; 0.0
1294 ; 819856.9278155768 ; 916060.7146571056 ; 7.856993815726084E8 ; 1.1853825647662742E9 ; 0.0
1295 ; 821318.3704774057 ; 916060.7146571056 ; 7.865192385004239E8 ; 1.1862986254809313E9 ; 0.0
1296 ; 821319.5392632685 ; 916060.7146571056 ; 7.873405568709013E8 ; 1.1872146861955884E9 ; 0.0
1297 ; 821415.7985173236 ; 916060.7146571056 ; 7.881618764101646E8 ; 1.1881307469102454E9 ; 0.0
1298 ; 822629.2730106635 ; 916060.7146571056 ; 7.88983292208682E8 ; 1.1890468076249025E9 ; 0.0
1299 ; 823092.0167941916 ; 916060.7146571056 ; 7.898059214816926E8 ; 1.1899628683395596E9 ; 0.0
1300 ; 823295.397945745 ; 916060.7146571056 ; 7.906290134984868E8 ; 1.1908789290542166E9 ; 0.0
1301 ; 824119.4140790642 ; 916060.7146571056 ; 7.914523088964325E8 ; 1.1917949897688737E9 ; 0.0
1302 ; 825433.2225666863 ; 916060.7146571056 ; 7.922764283105116E8 ; 1.1927110504835308E9 ; 0.0
1303 ; 826100.1872854581 ; 916060.7146571056 ; 7.931018615330783E8 ; 1.1936271111981878E9 ; 0.0
1304 ; 826346.4194581762 ; 916060.7146571056 ; 7.939279617203637E8 ; 1.194543171912845E9 ; 0.0
1305 ; 826647.8271101543 ; 916060.7146571056 ; 7.947543081398219E8 ; 1.195459232627502E9 ; 0.0
1306 ; 827505.7036761815 ; 916060.7146571056 ; 7.95580955966932E8 ; 1.196375293342159E9 ; 0.0
1307 ; 826883.1813816531 ; 916060.7146571056 ; 7.964084616706083E8 ; 1.197291354056816E9 ; 0.0
1308 ; 828108.4412322749 ; 916060.7146571056 ; 7.9723534485199E8 ; 1.1982074147714732E9 ; 0.0
1309 ; 828486.9966217496 ; 916060.7146571056 ; 7.980634532932223E8 ; 1.1991234754861302E9 ; 0.0
1310 ; 828708.7176339718 ; 916060.7146571056 ; 7.98891940289844E8 ; 1.2000395362007873E9 ; 0.0
1311 ; 829134.0027602703 ; 916060.7146571056 ; 7.99720649007478E8 ; 1.2009555969154444E9 ; 0.0
1312 ; 829657.773803241 ; 916060.7146571056 ; 8.005497830102383E8 ; 1.2018716576301014E9 ; 0.0
1313 ; 830054.6272002263 ; 916060.7146571056 ; 8.013794407840415E8 ; 1.2027877183447585E9 ; 0.0
1314 ; 830284.6207213268 ; 916060.7146571056 ; 8.022094954112418E8 ; 1.2037037790594156E9 ; 0.0
1315 ; 830792.7560819888 ; 916060.7146571056 ; 8.030397800319631E8 ; 1.2046198397740726E9 ; 0.0
1316 ; 831147.9931426703 ; 916060.7146571056 ; 8.03870572788045E8 ; 1.2055359004887297E9 ; 0.0
1317 ; 832271.3926935549 ; 916060.7146571056 ; 8.047017207811878E8 ; 1.2064519612033868E9 ; 0.0
1318 ; 832345.701924269 ; 916060.7146571056 ; 8.055339921738813E8 ; 1.2073680219180439E9 ; 0.0
1319 ; 831893.4940804464 ; 916060.7146571056 ; 8.063663378758056E8 ; 1.208284082632701E9 ; 0.0
1320 ; 831675.266011122 ; 916060.7146571056 ; 8.07198231369886E8 ; 1.209200143347358E9 ; 0.0
1321 ; 832204.1872636668 ; 916060.7146571056 ; 8.080299066358972E8 ; 1.210116204062015E9 ; 0.0
1322 ; 831753.6339221527 ; 916060.7146571056 ; 8.088621108231608E8 ; 1.2110322647766721E9 ; 0.0
1323 ; 833109.8803551815 ; 916060.7146571056 ; 8.096938644570829E8 ; 1.2119483254913292E9 ; 0.0
1324 ; 833107.8035764968 ; 916060.7146571056 ; 8.105269743374381E8 ; 1.2128643862059863E9 ; 0.0
1325 ; 833330.0153005131 ; 916060.7146571056 ; 8.113600821410146E8 ; 1.2137804469206433E9 ; 0.0
1326 ; 833340.8545439062 ; 916060.7146571056 ; 8.121934121563151E8 ; 1.2146965076353004E9 ; 0.0
1327 ; 834706.4823834744 ; 916060.7146571056 ; 8.13026753010859E8 ; 1.2156125683499575E9 ; 0.0
1328 ; 834665.0747721534 ; 916060.7146571056 ; 8.138614594932425E8 ; 1.2165286290646145E9 ; 0.0
1329 ; 835089.041635031 ; 916060.7146571056 ; 8.146961245680146E8 ; 1.2174446897792716E9 ; 0.0
1330 ; 835425.798626579 ; 916060.7146571056 ; 8.155312136096497E8 ; 1.2183607504939287E9 ; 0.0
1331 ; 836109.244573897 ; 916060.7146571056 ; 8.163666394082762E8 ; 1.2192768112085857E9 ; 0.0
1332 ; 836833.6075303154 ; 916060.7146571056 ; 8.172027486528502E8 ; 1.2201928719232428E9 ; 0.0
1333 ; 838220.5315805562 ; 916060.7146571056 ; 8.180395822603805E8 ; 1.2211089326378999E9 ; 0.0
1334 ; 838496.1960519385 ; 916060.7146571056 ; 8.188778027919611E8 ; 1.222024993352557E9 ; 0.0
1335 ; 839980.657187369 ; 916060.7146571056 ; 8.19716298988013E8 ; 1.222941054067214E9 ; 0.0
1336 ; 840197.8959076172 ; 916060.7146571056 ; 8.205562796452004E8 ; 1.223857114781871E9 ; 0.0
1337 ; 839388.4765786282 ; 916060.7146571056 ; 8.21396477541108E8 ; 1.2247731754965281E9 ; 0.0
1338 ; 840742.6246709898 ; 916060.7146571056 ; 8.222358660176866E8 ; 1.2256892362111852E9 ; 0.0
1339 ; 840440.9719249744 ; 916060.7146571056 ; 8.230766086423576E8 ; 1.2266052969258423E9 ; 0.0
1340 ; 841585.1392449539 ; 916060.7146571056 ; 8.239170496142826E8 ; 1.2275213576404994E9 ; 0.0
1341 ; 841647.6540935588 ; 916060.7146571056 ; 8.247586347535275E8 ; 1.2284374183551564E9 ; 0.0
1342 ; 841620.3130765803 ; 916060.7146571056 ; 8.25600282407621E8 ; 1.2293534790698135E9 ; 0.0
1343 ; 843809.3932119955 ; 916060.7146571056 ; 8.264419027206976E8 ; 1.2302695397844706E9 ; 0.0
1344 ; 844444.1679384989 ; 916060.7146571056 ; 8.272857121139096E8 ; 1.2311856004991276E9 ; 0.0
1345 ; 844970.8980863858 ; 916060.7146571056 ; 8.281301562818481E8 ; 1.2321016612137847E9 ; 0.0
1346 ; 845082.2050733226 ; 916060.7146571056 ; 8.289751271799345E8 ; 1.2330177219284418E9 ; 0.0
1347 ; 845949.5079813417 ; 916060.7146571056 ; 8.298202093850079E8 ; 1.2339337826430988E9 ; 0.0
1348 ; 847194.8466051507 ; 916060.7146571056 ; 8.306661588929892E8 ; 1.234849843357756E9 ; 0.0
1349 ; 847750.9533370065 ; 916060.7146571056 ; 8.315133537395943E8 ; 1.235765904072413E9 ; 0.0
1350 ; 849567.7996380844 ; 916060.7146571056 ; 8.323611046929313E8 ; 1.23668196478707E9 ; 0.0
1351 ; 850348.8230661302 ; 916060.7146571056 ; 8.332106724925693E8 ; 1.237598025501727E9 ; 0.0
1352 ; 850685.5530016866 ; 916060.7146571056 ; 8.340610213156354E8 ; 1.2385140862163842E9 ; 0.0
1353 ; 851341.2124497853 ; 916060.7146571056 ; 8.349117068686371E8 ; 1.2394301469310412E9 ; 0.0
1354 ; 852482.469239783 ; 916060.7146571056 ; 8.357630480810869E8 ; 1.2403462076456983E9 ; 0.0
1355 ; 853155.0838796981 ; 916060.7146571056 ; 8.366155305503267E8 ; 1.2412622683603554E9 ; 0.0
1356 ; 853028.1786283237 ; 916060.7146571056 ; 8.374686856342064E8 ; 1.2421783290750124E9 ; 0.0
1357 ; 855651.3842993594 ; 916060.7146571056 ; 8.383217138128347E8 ; 1.2430943897896695E9 ; 0.0
1358 ; 856141.8300298768 ; 916060.7146571056 ; 8.391773651971341E8 ; 1.2440104505043266E9 ; 0.0
1359 ; 856971.3652282277 ; 916060.7146571056 ; 8.40033507027164E8 ; 1.2449265112189837E9 ; 0.0
1360 ; 856967.4033398047 ; 916060.7146571056 ; 8.408904783923922E8 ; 1.2458425719336407E9 ; 0.0
1361 ; 857849.6748494891 ; 916060.7146571056 ; 8.41747445795732E8 ; 1.2467586326482978E9 ; 0.0
1362 ; 858222.823031834 ; 916060.7146571056 ; 8.426052954705815E8 ; 1.2476746933629549E9 ; 0.0
1363 ; 858459.6342169436 ; 916060.7146571056 ; 8.434635182936133E8 ; 1.248590754077612E9 ; 0.0
1364 ; 859415.6986099754 ; 916060.7146571056 ; 8.443219779278302E8 ; 1.249506814792269E9 ; 0.0
1365 ; 859985.8250856906 ; 916060.7146571056 ; 8.451813936264402E8 ; 1.250422875506926E9 ; 0.0
1366 ; 860684.4455976505 ; 916060.7146571056 ; 8.460413794515258E8 ; 1.2513389362215831E9 ; 0.0
1367 ; 861274.3665026445 ; 916060.7146571056 ; 8.469020638971235E8 ; 1.2522549969362402E9 ; 0.0
1368 ; 862170.2696710726 ; 916060.7146571056 ; 8.477633382636261E8 ; 1.2531710576508973E9 ; 0.0
1369 ; 863151.7251038126 ; 916060.7146571056 ; 8.486255085332972E8 ; 1.2540871183655543E9 ; 0.0
1370 ; 863316.9294793885 ; 916060.7146571056 ; 8.49488660258401E8 ; 1.2550031790802114E9 ; 0.0
1371 ; 863120.5763553894 ; 916060.7146571056 ; 8.503519771878804E8 ; 1.2559192397948685E9 ; 0.0
1372 ; 864773.5920143008 ; 916060.7146571056 ; 8.512150977642357E8 ; 1.2568353005095255E9 ; 0.0
1373 ; 864490.7562264875 ; 916060.7146571056 ; 8.5207987135625E8 ; 1.2577513612241826E9 ; 0.0
1374 ; 867146.4933738323 ; 916060.7146571056 ; 8.529443621124766E8 ; 1.2586674219388397E9 ; 0.0
1375 ; 867600.50142635 ; 916060.7146571056 ; 8.538115086058505E8 ; 1.2595834826534967E9 ; 0.0
1376 ; 869217.747017115 ; 916060.7146571056 ; 8.546791091072768E8 ; 1.2604995433681538E9 ; 0.0
1377 ; 869468.5676612542 ; 916060.7146571056 ; 8.55548326854294E8 ; 1.2614156040828109E9 ; 0.0
1378 ; 870511.6294326531 ; 916060.7146571056 ; 8.564177954219552E8 ; 1.262331664797468E9 ; 0.0
1379 ; 871197.6092925014 ; 916060.7146571056 ; 8.572883070513879E8 ; 1.263247725512125E9 ; 0.0
1380 ; 872770.6676244134 ; 916060.7146571056 ; 8.581595046606804E8 ; 1.264163786226782E9 ; 0.0
1381 ; 873366.3795379506 ; 916060.7146571056 ; 8.590322753283048E8 ; 1.2650798469414392E9 ; 0.0
1382 ; 874006.0123893943 ; 916060.7146571056 ; 8.599056417078427E8 ; 1.2659959076560962E9 ; 0.0
1383 ; 875983.8666264117 ; 916060.7146571056 ; 8.607796477202321E8 ; 1.2669119683707533E9 ; 0.0
1384 ; 876078.9507000013 ; 916060.7146571056 ; 8.616556315868585E8 ; 1.2678280290854104E9 ; 0.0
1385 ; 878443.8786207113 ; 916060.7146571056 ; 8.625317105375586E8 ; 1.2687440898000674E9 ; 0.0
1386 ; 879326.3945305747 ; 916060.7146571056 ; 8.634101544161793E8 ; 1.2696601505147245E9 ; 0.0
1387 ; 879635.8308508672 ; 916060.7146571056 ; 8.642894808107098E8 ; 1.2705762112293816E9 ; 0.0
1388 ; 880492.6787173842 ; 916060.7146571056 ; 8.651691166415607E8 ; 1.2714922719440386E9 ; 0.0
1389 ; 881592.5468788958 ; 916060.7146571056 ; 8.66049609320278E8 ; 1.2724083326586957E9 ; 0.0
1390 ; 882581.1150916569 ; 916060.7146571056 ; 8.66931201867157E8 ; 1.2733243933733528E9 ; 0.0
1391 ; 885041.0516521237 ; 916060.7146571056 ; 8.678137829822487E8 ; 1.2742404540880098E9 ; 0.0
1392 ; 886224.7513120889 ; 916060.7146571056 ; 8.686988240339007E8 ; 1.275156514802667E9 ; 0.0
1393 ; 887965.6427004373 ; 916060.7146571056 ; 8.695850487852129E8 ; 1.276072575517324E9 ; 0.0
1394 ; 888565.1087627367 ; 916060.7146571056 ; 8.704730144279133E8 ; 1.276988636231981E9 ; 0.0
1395 ; 889511.598983277 ; 916060.7146571056 ; 8.71361579536676E8 ; 1.277904696946638E9 ; 0.0
1396 ; 890208.592325331 ; 916060.7146571056 ; 8.722510911356593E8 ; 1.2788207576612952E9 ; 0.0
1397 ; 891496.6955083273 ; 916060.7146571056 ; 8.731412997279847E8 ; 1.2797368183759522E9 ; 0.0
1398 ; 891206.5260872467 ; 916060.7146571056 ; 8.74032796423493E8 ; 1.2806528790906093E9 ; 0.0
1399 ; 891539.9890750613 ; 916060.7146571056 ; 8.749240029495803E8 ; 1.2815689398052664E9 ; 0.0
1400 ; 893254.6812508252 ; 916060.7146571056 ; 8.758155429386554E8 ; 1.2824850005199234E9 ; 0.0
1401 ; 894332.8247329548 ; 916060.7146571056 ; 8.767087976199062E8 ; 1.2834010612345805E9 ; 0.0
1402 ; 895553.1105935278 ; 916060.7146571056 ; 8.776031304446391E8 ; 1.2843171219492376E9 ; 0.0
1403 ; 895795.9057030453 ; 916060.7146571056 ; 8.784986835552326E8 ; 1.2852331826638947E9 ; 0.0
1404 ; 895923.6687188009 ; 916060.7146571056 ; 8.793944794609357E8 ; 1.2861492433785517E9 ; 0.0
1405 ; 897040.868849295 ; 916060.7146571056 ; 8.802904031296545E8 ; 1.2870653040932088E9 ; 0.0
1406 ; 897617.1306923989 ; 916060.7146571056 ; 8.811874439985038E8 ; 1.2879813648078659E9 ; 0.0
1407 ; 898754.9341749853 ; 916060.7146571056 ; 8.820850611291962E8 ; 1.288897425522523E9 ; 0.0
1408 ; 898813.5777948465 ; 916060.7146571056 ; 8.829838160633712E8 ; 1.28981348623718E9 ; 0.0
1409 ; 900118.4492548831 ; 916060.7146571056 ; 8.83882629641166E8 ; 1.290729546951837E9 ; 0.0
1410 ; 900019.023608665 ; 916060.7146571056 ; 8.847827480904208E8 ; 1.2916456076664941E9 ; 0.0
1411 ; 900160.8108703479 ; 916060.7146571056 ; 8.856827671140295E8 ; 1.2925616683811512E9 ; 0.0
1412 ; 900210.6018062498 ; 916060.7146571056 ; 8.865829279248998E8 ; 1.2934777290958083E9 ; 0.0
1413 ; 900263.495332782 ; 916060.7146571056 ; 8.874831385267061E8 ; 1.2943937898104653E9 ; 0.0
1414 ; 899680.5593734012 ; 916060.7146571056 ; 8.883834020220389E8 ; 1.2953098505251224E9 ; 0.0
1415 ; 899998.0963486523 ; 916060.7146571056 ; 8.892830825814123E8 ; 1.2962259112397795E9 ; 0.0
1416 ; 899791.6031094207 ; 916060.7146571056 ; 8.90183080677761E8 ; 1.2971419719544365E9 ; 0.0
1417 ; 898827.0393305259 ; 916060.7146571056 ; 8.910828722808704E8 ; 1.2980580326690936E9 ; 0.0
1418 ; 898575.2476401674 ; 916060.7146571056 ; 8.919816993202009E8 ; 1.2989740933837507E9 ; 0.0
1419 ; 897942.9514733405 ; 916060.7146571056 ; 8.92880274567841E8 ; 1.2998901540984077E9 ; 0.0
1420 ; 897672.7984206759 ; 916060.7146571056 ; 8.937782175193144E8 ; 1.3008062148130648E9 ; 0.0
1421 ; 896902.2482439307 ; 916060.7146571056 ; 8.946758903177351E8 ; 1.301722275527722E9 ; 0.0
1422 ; 895209.9617774163 ; 916060.7146571056 ; 8.95572792565979E8 ; 1.302638336242379E9 ; 0.0
1423 ; 896180.8844566172 ; 916060.7146571056 ; 8.964680025277565E8 ; 1.303554396957036E9 ; 0.0
1424 ; 895839.7324265256 ; 916060.7146571056 ; 8.973641834122131E8 ; 1.304470457671693E9 ; 0.0
1425 ; 895078.7577407217 ; 916060.7146571056 ; 8.982600231446396E8 ; 1.3053865183863502E9 ; 0.0
1426 ; 894440.3385337689 ; 916060.7146571056 ; 8.991551019023803E8 ; 1.3063025791010072E9 ; 0.0
1427 ; 893437.4233857882 ; 916060.7146571056 ; 9.000495422409141E8 ; 1.3072186398156643E9 ; 0.0
1428 ; 893882.4620650539 ; 916060.7146571056 ; 9.009429796642998E8 ; 1.3081347005303214E9 ; 0.0
1429 ; 892653.9234240707 ; 916060.7146571056 ; 9.01836862126365E8 ; 1.3090507612449784E9 ; 0.0
1430 ; 893161.4629064956 ; 916060.7146571056 ; 9.027295160497891E8 ; 1.3099668219596355E9 ; 0.0
1431 ; 893074.6925696856 ; 916060.7146571056 ; 9.036226775126956E8 ; 1.3108828826742926E9 ; 0.0
1432 ; 892546.4856272346 ; 916060.7146571056 ; 9.045157522052653E8 ; 1.3117989433889496E9 ; 0.0
1433 ; 893625.0083992764 ; 916060.7146571056 ; 9.054082986908926E8 ; 1.3127150041036067E9 ; 0.0
1434 ; 893337.8858271746 ; 916060.7146571056 ; 9.063019236992918E8 ; 1.3136310648182638E9 ; 0.0
1435 ; 892470.0506237616 ; 916060.7146571056 ; 9.07195261585119E8 ; 1.3145471255329208E9 ; 0.0
1436 ; 893550.1201058549 ; 916060.7146571056 ; 9.080877316357428E8 ; 1.315463186247578E9 ; 0.0
1437 ; 892376.106762984 ; 916060.7146571056 ; 9.089812817558486E8 ; 1.316379246962235E9 ; 0.0
1438 ; 891560.7192779086 ; 916060.7146571056 ; 9.098736578626117E8 ; 1.317295307676892E9 ; 0.0
1439 ; 890965.3489937626 ; 916060.7146571056 ; 9.107652185818895E8 ; 1.318211368391549E9 ; 0.0
